63	0	97	97
63	0	98	98
63	0	99	99
63	0	100	100
63	0	101	101
63	0	102	102
63	0	103	103
63	0	104	104
63	0	105	105
63	0	106	106
63	0	107	107
63	0	108	108
63	0	109	109
63	0	110	110
63	0	111	111
63	0	112	112
63	0	113	113
63	0	114	114
63	0	115	115
63	0	116	116
63	0	117	117
63	0	118	118
63	0	119	119
63	0	120	120
63	0	121	121
63	0	122	122
63	0	65	65
63	0	66	66
63	0	67	67
63	0	68	68
63	0	69	69
63	0	70	70
63	0	71	71
63	0	72	72
63	0	73	73
63	0	74	74
63	0	75	75
63	0	76	76
63	0	77	77
63	0	78	78
63	0	79	79
63	0	80	80
63	0	81	81
63	0	82	82
63	0	83	83
63	0	84	84
63	0	85	85
63	0	86	86
63	0	87	87
63	0	88	88
63	0	89	89
63	0	90	90
63	0	48	48
63	0	49	49
63	0	50	50
63	0	51	51
63	0	52	52
63	0	53	53
63	0	54	54
63	0	55	55
63	0	56	56
63	0	57	57
63	0	58	58
63	0	47	47
63	0	64	64
63	0	35	35
63	0	63	63
63	0	61	61
63	0	43	43
63	0	45	45
63	0	95	95
63	0	46	46
63	0	37	37
63	0	38	38
62	22	97	97
62	22	98	98
62	22	99	99
62	22	100	100
62	22	101	101
62	22	102	102
62	22	103	103
62	22	104	104
62	22	105	105
62	22	106	106
62	22	107	107
62	22	108	108
62	22	109	109
62	22	110	110
62	22	111	111
62	22	112	112
62	22	113	113
62	22	114	114
62	22	115	115
62	22	116	116
62	22	117	117
62	22	118	118
62	22	119	119
62	22	120	120
62	22	121	121
62	22	122	122
62	22	65	65
62	22	66	66
62	22	67	67
62	22	68	68
62	22	69	69
62	22	70	70
62	22	71	71
62	22	72	72
62	22	73	73
62	22	74	74
62	22	75	75
62	22	76	76
62	22	77	77
62	22	78	78
62	22	79	79
62	22	80	80
62	22	81	81
62	22	82	82
62	22	83	83
62	22	84	84
62	22	85	85
62	22	86	86
62	22	87	87
62	22	88	88
62	22	89	89
62	22	90	90
62	22	48	48
62	22	49	49
62	22	50	50
62	22	51	51
62	22	52	52
62	22	53	53
62	22	54	54
62	22	55	55
62	22	56	56
62	22	57	57
62	31	58	58
62	30	47	47
62	29	35	35
62	32	63	63
62	22	45	45
62	15	46	46
62
61	22	97	97
61	22	98	98
61	22	99	99
61	22	100	100
61	22	101	101
61	22	102	102
61	22	103	103
61	22	104	104
61	22	105	105
61	22	106	106
61	22	107	107
61	22	108	108
61	22	109	109
61	22	110	110
61	22	111	111
61	22	112	112
61	22	113	113
61	22	114	114
61	22	115	115
61	22	116	116
61	22	117	117
61	22	118	118
61	22	119	119
61	22	120	120
61	22	121	121
61	22	122	122
61	22	65	65
61	22	66	66
61	22	67	67
61	22	68	68
61	22	69	69
61	22	70	70
61	22	71	71
61	22	72	72
61	22	73	73
61	22	74	74
61	22	75	75
61	22	76	76
61	22	77	77
61	22	78	78
61	22	79	79
61	22	80	80
61	22	81	81
61	22	82	82
61	22	83	83
61	22	84	84
61	22	85	85
61	22	86	86
61	22	87	87
61	22	88	88
61	22	89	89
61	22	90	90
61	62	48	48
61	62	49	49
61	62	50	50
61	62	51	51
61	62	52	52
61	62	53	53
61	62	54	54
61	62	55	55
61	62	56	56
61	62	57	57
61	31	58	58
61	30	47	47
61	29	35	35
61	32	63	63
61	22	45	45
61	15	46	46
61
60	26	97	97
60	26	98	98
60	26	99	99
60	26	100	100
60	26	101	101
60	26	102	102
60	26	103	103
60	26	104	104
60	26	105	105
60	26	106	106
60	26	107	107
60	26	108	108
60	26	109	109
60	26	110	110
60	26	111	111
60	26	112	112
60	26	113	113
60	26	114	114
60	26	115	115
60	26	116	116
60	26	117	117
60	26	118	118
60	26	119	119
60	26	120	120
60	26	121	121
60	26	122	122
60	26	65	65
60	26	66	66
60	26	67	67
60	26	68	68
60	26	69	69
60	26	70	70
60	26	71	71
60	26	72	72
60	26	73	73
60	26	74	74
60	26	75	75
60	26	76	76
60	26	77	77
60	26	78	78
60	26	79	79
60	26	80	80
60	26	81	81
60	26	82	82
60	26	83	83
60	26	84	84
60	26	85	85
60	26	86	86
60	26	87	87
60	26	88	88
60	26	89	89
60	26	90	90
60	26	48	48
60	26	49	49
60	26	50	50
60	26	51	51
60	26	52	52
60	26	53	53
60	26	54	54
60	26	55	55
60	26	56	56
60	26	57	57
60	37	58	58
60	30	47	47
60	17	64	64
60	29	35	35
60	32	63	63
60	22	45	45
60	11	95	95
60	20	46	46
60
59	22	97	97
59	22	98	98
59	22	99	99
59	22	100	100
59	22	101	101
59	22	102	102
59	22	103	103
59	22	104	104
59	22	105	105
59	22	106	106
59	22	107	107
59	22	108	108
59	22	109	109
59	22	110	110
59	22	111	111
59	22	112	112
59	22	113	113
59	22	114	114
59	22	115	115
59	22	116	116
59	22	117	117
59	22	118	118
59	22	119	119
59	22	120	120
59	22	121	121
59	22	122	122
59	22	65	65
59	22	66	66
59	22	67	67
59	22	68	68
59	22	69	69
59	22	70	70
59	22	71	71
59	22	72	72
59	22	73	73
59	22	74	74
59	22	75	75
59	22	76	76
59	22	77	77
59	22	78	78
59	22	79	79
59	22	80	80
59	22	81	81
59	22	82	82
59	22	83	83
59	22	84	84
59	22	85	85
59	22	86	86
59	22	87	87
59	22	88	88
59	22	89	89
59	22	90	90
59	22	48	48
59	22	49	49
59	22	50	50
59	22	51	51
59	22	52	52
59	22	53	53
59	22	54	54
59	22	55	55
59	22	56	56
59	22	57	57
59	31	58	58
59	30	47	47
59	29	35	35
59	32	63	63
59	22	45	45
59	55	46	46
59
58	22	97	97
58	22	98	98
58	22	99	99
58	22	100	100
58	22	101	101
58	22	102	102
58	22	103	103
58	22	104	104
58	22	105	105
58	22	106	106
58	22	107	107
58	22	108	108
58	22	109	109
58	22	110	110
58	22	111	111
58	22	112	112
58	22	113	113
58	22	114	114
58	22	115	115
58	22	116	116
58	22	117	117
58	22	118	118
58	22	119	119
58	22	120	120
58	22	121	121
58	22	122	122
58	22	65	65
58	22	66	66
58	22	67	67
58	22	68	68
58	22	69	69
58	22	70	70
58	22	71	71
58	22	72	72
58	22	73	73
58	22	74	74
58	22	75	75
58	22	76	76
58	22	77	77
58	22	78	78
58	22	79	79
58	22	80	80
58	22	81	81
58	22	82	82
58	22	83	83
58	22	84	84
58	22	85	85
58	22	86	86
58	22	87	87
58	22	88	88
58	22	89	89
58	22	90	90
58	61	48	48
58	61	49	49
58	61	50	50
58	61	51	51
58	61	52	52
58	61	53	53
58	61	54	54
58	61	55	55
58	61	56	56
58	61	57	57
58	31	58	58
58	30	47	47
58	29	35	35
58	32	63	63
58	22	45	45
58	15	46	46
58
57	26	97	97
57	26	98	98
57	26	99	99
57	26	100	100
57	26	101	101
57	26	102	102
57	26	103	103
57	26	104	104
57	26	105	105
57	26	106	106
57	26	107	107
57	26	108	108
57	26	109	109
57	26	110	110
57	26	111	111
57	26	112	112
57	26	113	113
57	26	114	114
57	26	115	115
57	26	116	116
57	26	117	117
57	26	118	118
57	26	119	119
57	26	120	120
57	26	121	121
57	26	122	122
57	26	65	65
57	26	66	66
57	26	67	67
57	26	68	68
57	26	69	69
57	26	70	70
57	26	71	71
57	26	72	72
57	26	73	73
57	26	74	74
57	26	75	75
57	26	76	76
57	26	77	77
57	26	78	78
57	26	79	79
57	26	80	80
57	26	81	81
57	26	82	82
57	26	83	83
57	26	84	84
57	26	85	85
57	26	86	86
57	26	87	87
57	26	88	88
57	26	89	89
57	26	90	90
57	60	48	48
57	60	49	49
57	60	50	50
57	60	51	51
57	60	52	52
57	60	53	53
57	60	54	54
57	60	55	55
57	60	56	56
57	60	57	57
57	37	58	58
57	30	47	47
57	17	64	64
57	29	35	35
57	32	63	63
57	22	45	45
57	11	95	95
57	20	46	46
57
56	22	97	97
56	22	98	98
56	22	99	99
56	22	100	100
56	22	101	101
56	22	102	102
56	22	103	103
56	22	104	104
56	22	105	105
56	22	106	106
56	22	107	107
56	22	108	108
56	22	109	109
56	22	110	110
56	22	111	111
56	22	112	112
56	22	113	113
56	22	114	114
56	22	115	115
56	22	116	116
56	22	117	117
56	22	118	118
56	22	119	119
56	22	120	120
56	22	121	121
56	22	122	122
56	22	65	65
56	22	66	66
56	22	67	67
56	22	68	68
56	22	69	69
56	22	70	70
56	22	71	71
56	22	72	72
56	22	73	73
56	22	74	74
56	22	75	75
56	22	76	76
56	22	77	77
56	22	78	78
56	22	79	79
56	22	80	80
56	22	81	81
56	22	82	82
56	22	83	83
56	22	84	84
56	22	85	85
56	22	86	86
56	22	87	87
56	22	88	88
56	22	89	89
56	22	90	90
56	59	48	48
56	59	49	49
56	59	50	50
56	59	51	51
56	59	52	52
56	59	53	53
56	59	54	54
56	59	55	55
56	59	56	56
56	59	57	57
56	31	58	58
56	30	47	47
56	29	35	35
56	32	63	63
56	22	45	45
56	55	46	46
56
55	22	97	97
55	22	98	98
55	22	99	99
55	22	100	100
55	22	101	101
55	22	102	102
55	22	103	103
55	22	104	104
55	22	105	105
55	22	106	106
55	22	107	107
55	22	108	108
55	22	109	109
55	22	110	110
55	22	111	111
55	22	112	112
55	22	113	113
55	22	114	114
55	22	115	115
55	22	116	116
55	22	117	117
55	22	118	118
55	22	119	119
55	22	120	120
55	22	121	121
55	22	122	122
55	22	65	65
55	22	66	66
55	22	67	67
55	22	68	68
55	22	69	69
55	22	70	70
55	22	71	71
55	22	72	72
55	22	73	73
55	22	74	74
55	22	75	75
55	22	76	76
55	22	77	77
55	22	78	78
55	22	79	79
55	22	80	80
55	22	81	81
55	22	82	82
55	22	83	83
55	22	84	84
55	22	85	85
55	22	86	86
55	22	87	87
55	22	88	88
55	22	89	89
55	22	90	90
55	58	48	48
55	58	49	49
55	58	50	50
55	58	51	51
55	58	52	52
55	58	53	53
55	58	54	54
55	58	55	55
55	58	56	56
55	58	57	57
55	0	58	58
55	0	47	47
55	0	64	64
55	0	35	35
55	0	63	63
55	0	61	61
55	0	43	43
55	22	45	45
55	0	95	95
55	0	46	46
55	0	37	37
55	0	38	38
54	26	97	97
54	26	98	98
54	26	99	99
54	26	100	100
54	26	101	101
54	26	102	102
54	26	103	103
54	26	104	104
54	26	105	105
54	26	106	106
54	26	107	107
54	26	108	108
54	26	109	109
54	26	110	110
54	26	111	111
54	26	112	112
54	26	113	113
54	26	114	114
54	26	115	115
54	26	116	116
54	26	117	117
54	26	118	118
54	26	119	119
54	26	120	120
54	26	121	121
54	26	122	122
54	26	65	65
54	26	66	66
54	26	67	67
54	26	68	68
54	26	69	69
54	26	70	70
54	26	71	71
54	26	72	72
54	26	73	73
54	26	74	74
54	26	75	75
54	26	76	76
54	26	77	77
54	26	78	78
54	26	79	79
54	26	80	80
54	26	81	81
54	26	82	82
54	26	83	83
54	26	84	84
54	26	85	85
54	26	86	86
54	26	87	87
54	26	88	88
54	26	89	89
54	26	90	90
54	26	48	48
54	26	49	49
54	26	50	50
54	26	51	51
54	26	52	52
54	26	53	53
54	26	54	54
54	26	55	55
54	26	56	56
54	26	57	57
54	37	58	58
54	30	47	47
54	17	64	64
54	29	35	35
54	32	63	63
54	22	45	45
54	11	95	95
54	49	46	46
54
53	26	97	97
53	26	98	98
53	26	99	99
53	26	100	100
53	26	101	101
53	26	102	102
53	26	103	103
53	26	104	104
53	26	105	105
53	26	106	106
53	26	107	107
53	26	108	108
53	26	109	109
53	26	110	110
53	26	111	111
53	26	112	112
53	26	113	113
53	26	114	114
53	26	115	115
53	26	116	116
53	26	117	117
53	26	118	118
53	26	119	119
53	26	120	120
53	26	121	121
53	26	122	122
53	26	65	65
53	26	66	66
53	26	67	67
53	26	68	68
53	26	69	69
53	26	70	70
53	26	71	71
53	26	72	72
53	26	73	73
53	26	74	74
53	26	75	75
53	26	76	76
53	26	77	77
53	26	78	78
53	26	79	79
53	26	80	80
53	26	81	81
53	26	82	82
53	26	83	83
53	26	84	84
53	26	85	85
53	26	86	86
53	26	87	87
53	26	88	88
53	26	89	89
53	26	90	90
53	57	48	48
53	57	49	49
53	57	50	50
53	57	51	51
53	57	52	52
53	57	53	53
53	57	54	54
53	57	55	55
53	57	56	56
53	57	57	57
53	37	58	58
53	30	47	47
53	17	64	64
53	29	35	35
53	32	63	63
53	22	45	45
53	11	95	95
53	20	46	46
53
52	22	97	97
52	22	98	98
52	22	99	99
52	22	100	100
52	22	101	101
52	22	102	102
52	22	103	103
52	22	104	104
52	22	105	105
52	22	106	106
52	22	107	107
52	22	108	108
52	22	109	109
52	22	110	110
52	22	111	111
52	22	112	112
52	22	113	113
52	22	114	114
52	22	115	115
52	22	116	116
52	22	117	117
52	22	118	118
52	22	119	119
52	22	120	120
52	22	121	121
52	22	122	122
52	22	65	65
52	22	66	66
52	22	67	67
52	22	68	68
52	22	69	69
52	22	70	70
52	22	71	71
52	22	72	72
52	22	73	73
52	22	74	74
52	22	75	75
52	22	76	76
52	22	77	77
52	22	78	78
52	22	79	79
52	22	80	80
52	22	81	81
52	22	82	82
52	22	83	83
52	22	84	84
52	22	85	85
52	22	86	86
52	22	87	87
52	22	88	88
52	22	89	89
52	22	90	90
52	22	48	48
52	22	49	49
52	22	50	50
52	22	51	51
52	22	52	52
52	22	53	53
52	22	54	54
52	22	55	55
52	22	56	56
52	22	57	57
52	31	58	58
52	30	47	47
52	29	35	35
52	32	63	63
52	22	45	45
52	47	46	46
52
51	22	97	97
51	22	98	98
51	22	99	99
51	22	100	100
51	22	101	101
51	22	102	102
51	22	103	103
51	22	104	104
51	22	105	105
51	22	106	106
51	22	107	107
51	22	108	108
51	22	109	109
51	22	110	110
51	22	111	111
51	22	112	112
51	22	113	113
51	22	114	114
51	22	115	115
51	22	116	116
51	22	117	117
51	22	118	118
51	22	119	119
51	22	120	120
51	22	121	121
51	22	122	122
51	22	65	65
51	22	66	66
51	22	67	67
51	22	68	68
51	22	69	69
51	22	70	70
51	22	71	71
51	22	72	72
51	22	73	73
51	22	74	74
51	22	75	75
51	22	76	76
51	22	77	77
51	22	78	78
51	22	79	79
51	22	80	80
51	22	81	81
51	22	82	82
51	22	83	83
51	22	84	84
51	22	85	85
51	22	86	86
51	22	87	87
51	22	88	88
51	22	89	89
51	22	90	90
51	56	48	48
51	56	49	49
51	56	50	50
51	56	51	51
51	56	52	52
51	56	53	53
51	56	54	54
51	56	55	55
51	56	56	56
51	56	57	57
51	31	58	58
51	30	47	47
51	29	35	35
51	32	63	63
51	22	45	45
51	55	46	46
51
50	26	97	97
50	26	98	98
50	26	99	99
50	26	100	100
50	26	101	101
50	26	102	102
50	26	103	103
50	26	104	104
50	26	105	105
50	26	106	106
50	26	107	107
50	26	108	108
50	26	109	109
50	26	110	110
50	26	111	111
50	26	112	112
50	26	113	113
50	26	114	114
50	26	115	115
50	26	116	116
50	26	117	117
50	26	118	118
50	26	119	119
50	26	120	120
50	26	121	121
50	26	122	122
50	26	65	65
50	26	66	66
50	26	67	67
50	26	68	68
50	26	69	69
50	26	70	70
50	26	71	71
50	26	72	72
50	26	73	73
50	26	74	74
50	26	75	75
50	26	76	76
50	26	77	77
50	26	78	78
50	26	79	79
50	26	80	80
50	26	81	81
50	26	82	82
50	26	83	83
50	26	84	84
50	26	85	85
50	26	86	86
50	26	87	87
50	26	88	88
50	26	89	89
50	26	90	90
50	54	48	48
50	54	49	49
50	54	50	50
50	54	51	51
50	54	52	52
50	54	53	53
50	54	54	54
50	54	55	55
50	54	56	56
50	54	57	57
50	37	58	58
50	30	47	47
50	17	64	64
50	29	35	35
50	32	63	63
50	22	45	45
50	11	95	95
50	49	46	46
50
49	26	97	97
49	26	98	98
49	26	99	99
49	26	100	100
49	26	101	101
49	26	102	102
49	26	103	103
49	26	104	104
49	26	105	105
49	26	106	106
49	26	107	107
49	26	108	108
49	26	109	109
49	26	110	110
49	26	111	111
49	26	112	112
49	26	113	113
49	26	114	114
49	26	115	115
49	26	116	116
49	26	117	117
49	26	118	118
49	26	119	119
49	26	120	120
49	26	121	121
49	26	122	122
49	26	65	65
49	26	66	66
49	26	67	67
49	26	68	68
49	26	69	69
49	26	70	70
49	26	71	71
49	26	72	72
49	26	73	73
49	26	74	74
49	26	75	75
49	26	76	76
49	26	77	77
49	26	78	78
49	26	79	79
49	26	80	80
49	26	81	81
49	26	82	82
49	26	83	83
49	26	84	84
49	26	85	85
49	26	86	86
49	26	87	87
49	26	88	88
49	26	89	89
49	26	90	90
49	53	48	48
49	53	49	49
49	53	50	50
49	53	51	51
49	53	52	52
49	53	53	53
49	53	54	54
49	53	55	55
49	53	56	56
49	53	57	57
49	16	58	58
49	0	47	47
49	17	64	64
49	0	35	35
49	0	63	63
49	0	61	61
49	0	43	43
49	22	45	45
49	11	95	95
49	11	46	46
49	0	37	37
49	0	38	38
48	22	97	97
48	22	98	98
48	22	99	99
48	22	100	100
48	22	101	101
48	22	102	102
48	22	103	103
48	22	104	104
48	22	105	105
48	22	106	106
48	22	107	107
48	22	108	108
48	22	109	109
48	22	110	110
48	22	111	111
48	22	112	112
48	22	113	113
48	22	114	114
48	22	115	115
48	22	116	116
48	22	117	117
48	22	118	118
48	22	119	119
48	22	120	120
48	22	121	121
48	22	122	122
48	22	65	65
48	22	66	66
48	22	67	67
48	22	68	68
48	22	69	69
48	22	70	70
48	22	71	71
48	22	72	72
48	22	73	73
48	22	74	74
48	22	75	75
48	22	76	76
48	22	77	77
48	22	78	78
48	22	79	79
48	22	80	80
48	22	81	81
48	22	82	82
48	22	83	83
48	22	84	84
48	22	85	85
48	22	86	86
48	22	87	87
48	22	88	88
48	22	89	89
48	22	90	90
48	52	48	48
48	52	49	49
48	52	50	50
48	52	51	51
48	52	52	52
48	52	53	53
48	52	54	54
48	52	55	55
48	52	56	56
48	52	57	57
48	31	58	58
48	30	47	47
48	29	35	35
48	32	63	63
48	22	45	45
48	47	46	46
48
47	22	97	97
47	22	98	98
47	22	99	99
47	22	100	100
47	22	101	101
47	22	102	102
47	22	103	103
47	22	104	104
47	22	105	105
47	22	106	106
47	22	107	107
47	22	108	108
47	22	109	109
47	22	110	110
47	22	111	111
47	22	112	112
47	22	113	113
47	22	114	114
47	22	115	115
47	22	116	116
47	22	117	117
47	22	118	118
47	22	119	119
47	22	120	120
47	22	121	121
47	22	122	122
47	22	65	65
47	22	66	66
47	22	67	67
47	22	68	68
47	22	69	69
47	22	70	70
47	22	71	71
47	22	72	72
47	22	73	73
47	22	74	74
47	22	75	75
47	22	76	76
47	22	77	77
47	22	78	78
47	22	79	79
47	22	80	80
47	22	81	81
47	22	82	82
47	22	83	83
47	22	84	84
47	22	85	85
47	22	86	86
47	22	87	87
47	22	88	88
47	22	89	89
47	22	90	90
47	51	48	48
47	51	49	49
47	51	50	50
47	51	51	51
47	51	52	52
47	51	53	53
47	51	54	54
47	51	55	55
47	51	56	56
47	51	57	57
47	0	58	58
47	0	47	47
47	0	64	64
47	0	35	35
47	0	63	63
47	0	61	61
47	0	43	43
47	22	45	45
47	0	95	95
47	0	46	46
47	0	37	37
47	0	38	38
46	23	97	97
46	23	98	98
46	23	99	99
46	23	100	100
46	23	101	101
46	23	102	102
46	23	103	103
46	23	104	104
46	23	105	105
46	23	106	106
46	23	107	107
46	23	108	108
46	23	109	109
46	23	110	110
46	23	111	111
46	23	112	112
46	23	113	113
46	23	114	114
46	23	115	115
46	23	116	116
46	23	117	117
46	23	118	118
46	23	119	119
46	23	120	120
46	23	121	121
46	23	122	122
46	23	65	65
46	23	66	66
46	23	67	67
46	23	68	68
46	23	69	69
46	23	70	70
46	23	71	71
46	23	72	72
46	23	73	73
46	23	74	74
46	23	75	75
46	23	76	76
46	23	77	77
46	23	78	78
46	23	79	79
46	23	80	80
46	23	81	81
46	23	82	82
46	23	83	83
46	23	84	84
46	23	85	85
46	23	86	86
46	23	87	87
46	23	88	88
46	23	89	89
46	23	90	90
46	46	48	48
46	46	49	49
46	46	50	50
46	46	51	51
46	46	52	52
46	46	53	53
46	46	54	54
46	46	55	55
46	46	56	56
46	46	57	57
46	30	47	47
46	17	64	64
46	29	35	35
46	32	63	63
46	23	95	95
46	23	46	46
46
45	26	97	97
45	26	98	98
45	26	99	99
45	26	100	100
45	26	101	101
45	26	102	102
45	26	103	103
45	26	104	104
45	26	105	105
45	26	106	106
45	26	107	107
45	26	108	108
45	26	109	109
45	26	110	110
45	26	111	111
45	26	112	112
45	26	113	113
45	26	114	114
45	26	115	115
45	26	116	116
45	26	117	117
45	26	118	118
45	26	119	119
45	26	120	120
45	26	121	121
45	26	122	122
45	26	65	65
45	26	66	66
45	26	67	67
45	26	68	68
45	26	69	69
45	26	70	70
45	26	71	71
45	26	72	72
45	26	73	73
45	26	74	74
45	26	75	75
45	26	76	76
45	26	77	77
45	26	78	78
45	26	79	79
45	26	80	80
45	26	81	81
45	26	82	82
45	26	83	83
45	26	84	84
45	26	85	85
45	26	86	86
45	26	87	87
45	26	88	88
45	26	89	89
45	26	90	90
45	26	48	48
45	26	49	49
45	26	50	50
45	26	51	51
45	26	52	52
45	26	53	53
45	26	54	54
45	26	55	55
45	26	56	56
45	26	57	57
45	37	58	58
45	30	47	47
45	17	64	64
45	29	35	35
45	32	63	63
45	22	45	45
45	11	95	95
45	35	46	46
45
44	26	97	97
44	26	98	98
44	26	99	99
44	26	100	100
44	26	101	101
44	26	102	102
44	26	103	103
44	26	104	104
44	26	105	105
44	26	106	106
44	26	107	107
44	26	108	108
44	26	109	109
44	26	110	110
44	26	111	111
44	26	112	112
44	26	113	113
44	26	114	114
44	26	115	115
44	26	116	116
44	26	117	117
44	26	118	118
44	26	119	119
44	26	120	120
44	26	121	121
44	26	122	122
44	26	65	65
44	26	66	66
44	26	67	67
44	26	68	68
44	26	69	69
44	26	70	70
44	26	71	71
44	26	72	72
44	26	73	73
44	26	74	74
44	26	75	75
44	26	76	76
44	26	77	77
44	26	78	78
44	26	79	79
44	26	80	80
44	26	81	81
44	26	82	82
44	26	83	83
44	26	84	84
44	26	85	85
44	26	86	86
44	26	87	87
44	26	88	88
44	26	89	89
44	26	90	90
44	50	48	48
44	50	49	49
44	50	50	50
44	50	51	51
44	50	52	52
44	50	53	53
44	50	54	54
44	50	55	55
44	50	56	56
44	50	57	57
44	37	58	58
44	30	47	47
44	17	64	64
44	29	35	35
44	32	63	63
44	22	45	45
44	11	95	95
44	49	46	46
44
43	10	97	97
43	10	98	98
43	10	99	99
43	10	100	100
43	10	101	101
43	10	102	102
43	10	103	103
43	10	104	104
43	10	105	105
43	10	106	106
43	10	107	107
43	10	108	108
43	10	109	109
43	10	110	110
43	10	111	111
43	10	112	112
43	10	113	113
43	10	114	114
43	10	115	115
43	10	116	116
43	10	117	117
43	10	118	118
43	10	119	119
43	10	120	120
43	10	121	121
43	10	122	122
43	10	65	65
43	10	66	66
43	10	67	67
43	10	68	68
43	10	69	69
43	10	70	70
43	10	71	71
43	10	72	72
43	10	73	73
43	10	74	74
43	10	75	75
43	10	76	76
43	10	77	77
43	10	78	78
43	10	79	79
43	10	80	80
43	10	81	81
43	10	82	82
43	10	83	83
43	10	84	84
43	10	85	85
43	10	86	86
43	10	87	87
43	10	88	88
43	10	89	89
43	10	90	90
43	10	48	48
43	10	49	49
43	10	50	50
43	10	51	51
43	10	52	52
43	10	53	53
43	10	54	54
43	10	55	55
43	10	56	56
43	10	57	57
43	0	58	58
43	0	47	47
43	0	64	64
43	0	35	35
43	0	63	63
43	0	61	61
43	0	43	43
43	10	45	45
43	0	95	95
43	33	46	46
43	0	37	37
43	0	38	38
42	22	97	97
42	22	98	98
42	22	99	99
42	22	100	100
42	22	101	101
42	22	102	102
42	22	103	103
42	22	104	104
42	22	105	105
42	22	106	106
42	22	107	107
42	22	108	108
42	22	109	109
42	22	110	110
42	22	111	111
42	22	112	112
42	22	113	113
42	22	114	114
42	22	115	115
42	22	116	116
42	22	117	117
42	22	118	118
42	22	119	119
42	22	120	120
42	22	121	121
42	22	122	122
42	22	65	65
42	22	66	66
42	22	67	67
42	22	68	68
42	22	69	69
42	22	70	70
42	22	71	71
42	22	72	72
42	22	73	73
42	22	74	74
42	22	75	75
42	22	76	76
42	22	77	77
42	22	78	78
42	22	79	79
42	22	80	80
42	22	81	81
42	22	82	82
42	22	83	83
42	22	84	84
42	22	85	85
42	22	86	86
42	22	87	87
42	22	88	88
42	22	89	89
42	22	90	90
42	48	48	48
42	48	49	49
42	48	50	50
42	48	51	51
42	48	52	52
42	48	53	53
42	48	54	54
42	48	55	55
42	48	56	56
42	48	57	57
42	31	58	58
42	30	47	47
42	29	35	35
42	32	63	63
42	22	45	45
42	47	46	46
42
41	41	97	97
41	41	98	98
41	41	99	99
41	41	100	100
41	41	101	101
41	41	102	102
41	41	103	103
41	41	104	104
41	41	105	105
41	41	106	106
41	41	107	107
41	41	108	108
41	41	109	109
41	41	110	110
41	41	111	111
41	41	112	112
41	41	113	113
41	41	114	114
41	41	115	115
41	41	116	116
41	41	117	117
41	41	118	118
41	41	119	119
41	41	120	120
41	41	121	121
41	41	122	122
41	41	65	65
41	41	66	66
41	41	67	67
41	41	68	68
41	41	69	69
41	41	70	70
41	41	71	71
41	41	72	72
41	41	73	73
41	41	74	74
41	41	75	75
41	41	76	76
41	41	77	77
41	41	78	78
41	41	79	79
41	41	80	80
41	41	81	81
41	41	82	82
41	41	83	83
41	41	84	84
41	41	85	85
41	41	86	86
41	41	87	87
41	41	88	88
41	41	89	89
41	41	90	90
41	41	48	48
41	41	49	49
41	41	50	50
41	41	51	51
41	41	52	52
41	41	53	53
41	41	54	54
41	41	55	55
41	41	56	56
41	41	57	57
41	41	58	58
41	41	64	64
41	29	35	35
41	41	63	63
41	41	61	61
41	41	43	43
41	41	45	45
41	41	95	95
41	41	46	46
41	41	37	37
41	41	38	38
41
40	40	48	48
40	40	49	49
40	40	50	50
40	40	51	51
40	40	52	52
40	40	53	53
40	40	54	54
40	40	55	55
40	40	56	56
40	40	57	57
40	30	47	47
40	29	35	35
40	32	63	63
40
39	39	97	97
39	39	98	98
39	39	99	99
39	39	100	100
39	39	101	101
39	39	102	102
39	39	103	103
39	39	104	104
39	39	105	105
39	39	106	106
39	39	107	107
39	39	108	108
39	39	109	109
39	39	110	110
39	39	111	111
39	39	112	112
39	39	113	113
39	39	114	114
39	39	115	115
39	39	116	116
39	39	117	117
39	39	118	118
39	39	119	119
39	39	120	120
39	39	121	121
39	39	122	122
39	39	65	65
39	39	66	66
39	39	67	67
39	39	68	68
39	39	69	69
39	39	70	70
39	39	71	71
39	39	72	72
39	39	73	73
39	39	74	74
39	39	75	75
39	39	76	76
39	39	77	77
39	39	78	78
39	39	79	79
39	39	80	80
39	39	81	81
39	39	82	82
39	39	83	83
39	39	84	84
39	39	85	85
39	39	86	86
39	39	87	87
39	39	88	88
39	39	89	89
39	39	90	90
39	39	48	48
39	39	49	49
39	39	50	50
39	39	51	51
39	39	52	52
39	39	53	53
39	39	54	54
39	39	55	55
39	39	56	56
39	39	57	57
39	30	47	47
39	29	35	35
39	32	63	63
39	39	45	45
39	39	95	95
39	39	46	46
39	39	37	37
39	39	38	38
39
38	38	97	97
38	38	98	98
38	38	99	99
38	38	100	100
38	38	101	101
38	38	102	102
38	38	103	103
38	38	104	104
38	38	105	105
38	38	106	106
38	38	107	107
38	38	108	108
38	38	109	109
38	38	110	110
38	38	111	111
38	38	112	112
38	38	113	113
38	38	114	114
38	38	115	115
38	38	116	116
38	38	117	117
38	38	118	118
38	38	119	119
38	38	120	120
38	38	121	121
38	38	122	122
38	38	65	65
38	38	66	66
38	38	67	67
38	38	68	68
38	38	69	69
38	38	70	70
38	38	71	71
38	38	72	72
38	38	73	73
38	38	74	74
38	38	75	75
38	38	76	76
38	38	77	77
38	38	78	78
38	38	79	79
38	38	80	80
38	38	81	81
38	38	82	82
38	38	83	83
38	38	84	84
38	38	85	85
38	38	86	86
38	38	87	87
38	38	88	88
38	38	89	89
38	38	90	90
38	38	48	48
38	38	49	49
38	38	50	50
38	38	51	51
38	38	52	52
38	38	53	53
38	38	54	54
38	38	55	55
38	38	56	56
38	38	57	57
38	38	58	58
38	38	64	64
38	38	63	63
38	38	61	61
38	38	43	43
38	38	45	45
38	38	95	95
38	38	46	46
38	38	37	37
38	38	38	38
38
37	23	97	97
37	23	98	98
37	23	99	99
37	23	100	100
37	23	101	101
37	23	102	102
37	23	103	103
37	23	104	104
37	23	105	105
37	23	106	106
37	23	107	107
37	23	108	108
37	23	109	109
37	23	110	110
37	23	111	111
37	23	112	112
37	23	113	113
37	23	114	114
37	23	115	115
37	23	116	116
37	23	117	117
37	23	118	118
37	23	119	119
37	23	120	120
37	23	121	121
37	23	122	122
37	23	65	65
37	23	66	66
37	23	67	67
37	23	68	68
37	23	69	69
37	23	70	70
37	23	71	71
37	23	72	72
37	23	73	73
37	23	74	74
37	23	75	75
37	23	76	76
37	23	77	77
37	23	78	78
37	23	79	79
37	23	80	80
37	23	81	81
37	23	82	82
37	23	83	83
37	23	84	84
37	23	85	85
37	23	86	86
37	23	87	87
37	23	88	88
37	23	89	89
37	23	90	90
37	46	48	48
37	46	49	49
37	46	50	50
37	46	51	51
37	46	52	52
37	46	53	53
37	46	54	54
37	46	55	55
37	46	56	56
37	46	57	57
37	0	58	58
37	0	47	47
37	0	64	64
37	0	35	35
37	0	63	63
37	0	61	61
37	0	43	43
37	0	45	45
37	23	95	95
37	23	46	46
37	0	37	37
37	0	38	38
36	26	97	97
36	26	98	98
36	26	99	99
36	26	100	100
36	26	101	101
36	26	102	102
36	26	103	103
36	26	104	104
36	26	105	105
36	26	106	106
36	26	107	107
36	26	108	108
36	26	109	109
36	26	110	110
36	26	111	111
36	26	112	112
36	26	113	113
36	26	114	114
36	26	115	115
36	26	116	116
36	26	117	117
36	26	118	118
36	26	119	119
36	26	120	120
36	26	121	121
36	26	122	122
36	26	65	65
36	26	66	66
36	26	67	67
36	26	68	68
36	26	69	69
36	26	70	70
36	26	71	71
36	26	72	72
36	26	73	73
36	26	74	74
36	26	75	75
36	26	76	76
36	26	77	77
36	26	78	78
36	26	79	79
36	26	80	80
36	26	81	81
36	26	82	82
36	26	83	83
36	26	84	84
36	26	85	85
36	26	86	86
36	26	87	87
36	26	88	88
36	26	89	89
36	26	90	90
36	45	48	48
36	45	49	49
36	45	50	50
36	45	51	51
36	45	52	52
36	45	53	53
36	45	54	54
36	45	55	55
36	45	56	56
36	45	57	57
36	37	58	58
36	30	47	47
36	17	64	64
36	29	35	35
36	32	63	63
36	22	45	45
36	11	95	95
36	35	46	46
36
35	26	97	97
35	26	98	98
35	26	99	99
35	26	100	100
35	26	101	101
35	26	102	102
35	26	103	103
35	26	104	104
35	26	105	105
35	26	106	106
35	26	107	107
35	26	108	108
35	26	109	109
35	26	110	110
35	26	111	111
35	26	112	112
35	26	113	113
35	26	114	114
35	26	115	115
35	26	116	116
35	26	117	117
35	26	118	118
35	26	119	119
35	26	120	120
35	26	121	121
35	26	122	122
35	26	65	65
35	26	66	66
35	26	67	67
35	26	68	68
35	26	69	69
35	26	70	70
35	26	71	71
35	26	72	72
35	26	73	73
35	26	74	74
35	26	75	75
35	26	76	76
35	26	77	77
35	26	78	78
35	26	79	79
35	26	80	80
35	26	81	81
35	26	82	82
35	26	83	83
35	26	84	84
35	26	85	85
35	26	86	86
35	26	87	87
35	26	88	88
35	26	89	89
35	26	90	90
35	44	48	48
35	44	49	49
35	44	50	50
35	44	51	51
35	44	52	52
35	44	53	53
35	44	54	54
35	44	55	55
35	44	56	56
35	44	57	57
35	16	58	58
35	0	47	47
35	17	64	64
35	0	35	35
35	0	63	63
35	0	61	61
35	0	43	43
35	22	45	45
35	11	95	95
35	11	46	46
35	0	37	37
35	0	38	38
34	10	97	97
34	10	98	98
34	10	99	99
34	10	100	100
34	10	101	101
34	10	102	102
34	10	103	103
34	10	104	104
34	10	105	105
34	10	106	106
34	10	107	107
34	10	108	108
34	10	109	109
34	10	110	110
34	10	111	111
34	10	112	112
34	10	113	113
34	10	114	114
34	10	115	115
34	10	116	116
34	10	117	117
34	10	118	118
34	10	119	119
34	10	120	120
34	10	121	121
34	10	122	122
34	10	65	65
34	10	66	66
34	10	67	67
34	10	68	68
34	10	69	69
34	10	70	70
34	10	71	71
34	10	72	72
34	10	73	73
34	10	74	74
34	10	75	75
34	10	76	76
34	10	77	77
34	10	78	78
34	10	79	79
34	10	80	80
34	10	81	81
34	10	82	82
34	10	83	83
34	10	84	84
34	10	85	85
34	10	86	86
34	10	87	87
34	10	88	88
34	10	89	89
34	10	90	90
34	43	48	48
34	43	49	49
34	43	50	50
34	43	51	51
34	43	52	52
34	43	53	53
34	43	54	54
34	43	55	55
34	43	56	56
34	43	57	57
34	0	58	58
34	0	47	47
34	0	64	64
34	0	35	35
34	0	63	63
34	0	61	61
34	0	43	43
34	10	45	45
34	0	95	95
34	33	46	46
34	0	37	37
34	0	38	38
33	22	97	97
33	22	98	98
33	22	99	99
33	22	100	100
33	22	101	101
33	22	102	102
33	22	103	103
33	22	104	104
33	22	105	105
33	22	106	106
33	22	107	107
33	22	108	108
33	22	109	109
33	22	110	110
33	22	111	111
33	22	112	112
33	22	113	113
33	22	114	114
33	22	115	115
33	22	116	116
33	22	117	117
33	22	118	118
33	22	119	119
33	22	120	120
33	22	121	121
33	22	122	122
33	22	65	65
33	22	66	66
33	22	67	67
33	22	68	68
33	22	69	69
33	22	70	70
33	22	71	71
33	22	72	72
33	22	73	73
33	22	74	74
33	22	75	75
33	22	76	76
33	22	77	77
33	22	78	78
33	22	79	79
33	22	80	80
33	22	81	81
33	22	82	82
33	22	83	83
33	22	84	84
33	22	85	85
33	22	86	86
33	22	87	87
33	22	88	88
33	22	89	89
33	22	90	90
33	42	48	48
33	42	49	49
33	42	50	50
33	42	51	51
33	42	52	52
33	42	53	53
33	42	54	54
33	42	55	55
33	42	56	56
33	42	57	57
33	0	58	58
33	0	47	47
33	0	64	64
33	0	35	35
33	0	63	63
33	0	61	61
33	0	43	43
33	22	45	45
33	0	95	95
33	0	46	46
33	0	37	37
33	0	38	38
32	41	97	97
32	41	98	98
32	41	99	99
32	41	100	100
32	41	101	101
32	41	102	102
32	41	103	103
32	41	104	104
32	41	105	105
32	41	106	106
32	41	107	107
32	41	108	108
32	41	109	109
32	41	110	110
32	41	111	111
32	41	112	112
32	41	113	113
32	41	114	114
32	41	115	115
32	41	116	116
32	41	117	117
32	41	118	118
32	41	119	119
32	41	120	120
32	41	121	121
32	41	122	122
32	41	65	65
32	41	66	66
32	41	67	67
32	41	68	68
32	41	69	69
32	41	70	70
32	41	71	71
32	41	72	72
32	41	73	73
32	41	74	74
32	41	75	75
32	41	76	76
32	41	77	77
32	41	78	78
32	41	79	79
32	41	80	80
32	41	81	81
32	41	82	82
32	41	83	83
32	41	84	84
32	41	85	85
32	41	86	86
32	41	87	87
32	41	88	88
32	41	89	89
32	41	90	90
32	41	48	48
32	41	49	49
32	41	50	50
32	41	51	51
32	41	52	52
32	41	53	53
32	41	54	54
32	41	55	55
32	41	56	56
32	41	57	57
32	41	58	58
32	41	64	64
32	29	35	35
32	41	63	63
32	41	61	61
32	41	43	43
32	41	45	45
32	41	95	95
32	41	46	46
32	41	37	37
32	41	38	38
32
31	0	97	97
31	0	98	98
31	0	99	99
31	0	100	100
31	0	101	101
31	0	102	102
31	0	103	103
31	0	104	104
31	0	105	105
31	0	106	106
31	0	107	107
31	0	108	108
31	0	109	109
31	0	110	110
31	0	111	111
31	0	112	112
31	0	113	113
31	0	114	114
31	0	115	115
31	0	116	116
31	0	117	117
31	0	118	118
31	0	119	119
31	0	120	120
31	0	121	121
31	0	122	122
31	0	65	65
31	0	66	66
31	0	67	67
31	0	68	68
31	0	69	69
31	0	70	70
31	0	71	71
31	0	72	72
31	0	73	73
31	0	74	74
31	0	75	75
31	0	76	76
31	0	77	77
31	0	78	78
31	0	79	79
31	0	80	80
31	0	81	81
31	0	82	82
31	0	83	83
31	0	84	84
31	0	85	85
31	0	86	86
31	0	87	87
31	0	88	88
31	0	89	89
31	0	90	90
31	40	48	48
31	40	49	49
31	40	50	50
31	40	51	51
31	40	52	52
31	40	53	53
31	40	54	54
31	40	55	55
31	40	56	56
31	40	57	57
31	0	58	58
31	0	47	47
31	0	64	64
31	0	35	35
31	0	63	63
31	0	61	61
31	0	43	43
31	0	45	45
31	0	95	95
31	0	46	46
31	0	37	37
31	0	38	38
30	39	97	97
30	39	98	98
30	39	99	99
30	39	100	100
30	39	101	101
30	39	102	102
30	39	103	103
30	39	104	104
30	39	105	105
30	39	106	106
30	39	107	107
30	39	108	108
30	39	109	109
30	39	110	110
30	39	111	111
30	39	112	112
30	39	113	113
30	39	114	114
30	39	115	115
30	39	116	116
30	39	117	117
30	39	118	118
30	39	119	119
30	39	120	120
30	39	121	121
30	39	122	122
30	39	65	65
30	39	66	66
30	39	67	67
30	39	68	68
30	39	69	69
30	39	70	70
30	39	71	71
30	39	72	72
30	39	73	73
30	39	74	74
30	39	75	75
30	39	76	76
30	39	77	77
30	39	78	78
30	39	79	79
30	39	80	80
30	39	81	81
30	39	82	82
30	39	83	83
30	39	84	84
30	39	85	85
30	39	86	86
30	39	87	87
30	39	88	88
30	39	89	89
30	39	90	90
30	39	48	48
30	39	49	49
30	39	50	50
30	39	51	51
30	39	52	52
30	39	53	53
30	39	54	54
30	39	55	55
30	39	56	56
30	39	57	57
30	30	47	47
30	29	35	35
30	32	63	63
30	39	45	45
30	39	95	95
30	39	46	46
30	39	37	37
30	39	38	38
30
29	38	97	97
29	38	98	98
29	38	99	99
29	38	100	100
29	38	101	101
29	38	102	102
29	38	103	103
29	38	104	104
29	38	105	105
29	38	106	106
29	38	107	107
29	38	108	108
29	38	109	109
29	38	110	110
29	38	111	111
29	38	112	112
29	38	113	113
29	38	114	114
29	38	115	115
29	38	116	116
29	38	117	117
29	38	118	118
29	38	119	119
29	38	120	120
29	38	121	121
29	38	122	122
29	38	65	65
29	38	66	66
29	38	67	67
29	38	68	68
29	38	69	69
29	38	70	70
29	38	71	71
29	38	72	72
29	38	73	73
29	38	74	74
29	38	75	75
29	38	76	76
29	38	77	77
29	38	78	78
29	38	79	79
29	38	80	80
29	38	81	81
29	38	82	82
29	38	83	83
29	38	84	84
29	38	85	85
29	38	86	86
29	38	87	87
29	38	88	88
29	38	89	89
29	38	90	90
29	38	48	48
29	38	49	49
29	38	50	50
29	38	51	51
29	38	52	52
29	38	53	53
29	38	54	54
29	38	55	55
29	38	56	56
29	38	57	57
29	38	58	58
29	38	64	64
29	38	63	63
29	38	61	61
29	38	43	43
29	38	45	45
29	38	95	95
29	38	46	46
29	38	37	37
29	38	38	38
29
28	31	58	58
28	30	47	47
28	29	35	35
28	32	63	63
28
27	13	97	97
27	13	98	98
27	13	99	99
27	13	100	100
27	13	101	101
27	13	102	102
27	13	103	103
27	13	104	104
27	13	105	105
27	13	106	106
27	13	107	107
27	13	108	108
27	13	109	109
27	13	110	110
27	13	111	111
27	13	112	112
27	13	113	113
27	13	114	114
27	13	115	115
27	13	116	116
27	13	117	117
27	13	118	118
27	13	119	119
27	13	120	120
27	13	121	121
27	13	122	122
27	13	65	65
27	13	66	66
27	13	67	67
27	13	68	68
27	13	69	69
27	13	70	70
27	13	71	71
27	13	72	72
27	13	73	73
27	13	74	74
27	13	75	75
27	13	76	76
27	13	77	77
27	13	78	78
27	13	79	79
27	13	80	80
27	13	81	81
27	13	82	82
27	13	83	83
27	13	84	84
27	13	85	85
27	13	86	86
27	13	87	87
27	13	88	88
27	13	89	89
27	13	90	90
27	13	48	48
27	13	49	49
27	13	50	50
27	13	51	51
27	13	52	52
27	13	53	53
27	13	54	54
27	13	55	55
27	13	56	56
27	13	57	57
27	16	58	58
27	0	47	47
27	17	64	64
27	0	35	35
27	0	63	63
27	0	61	61
27	0	43	43
27	10	45	45
27	11	95	95
27	18	46	46
27	0	37	37
27	0	38	38
26	26	97	97
26	26	98	98
26	26	99	99
26	26	100	100
26	26	101	101
26	26	102	102
26	26	103	103
26	26	104	104
26	26	105	105
26	26	106	106
26	26	107	107
26	26	108	108
26	26	109	109
26	26	110	110
26	26	111	111
26	26	112	112
26	26	113	113
26	26	114	114
26	26	115	115
26	26	116	116
26	26	117	117
26	26	118	118
26	26	119	119
26	26	120	120
26	26	121	121
26	26	122	122
26	26	65	65
26	26	66	66
26	26	67	67
26	26	68	68
26	26	69	69
26	26	70	70
26	26	71	71
26	26	72	72
26	26	73	73
26	26	74	74
26	26	75	75
26	26	76	76
26	26	77	77
26	26	78	78
26	26	79	79
26	26	80	80
26	26	81	81
26	26	82	82
26	26	83	83
26	26	84	84
26	26	85	85
26	26	86	86
26	26	87	87
26	26	88	88
26	26	89	89
26	26	90	90
26	26	48	48
26	26	49	49
26	26	50	50
26	26	51	51
26	26	52	52
26	26	53	53
26	26	54	54
26	26	55	55
26	26	56	56
26	26	57	57
26	37	58	58
26	30	47	47
26	17	64	64
26	29	35	35
26	32	63	63
26	22	45	45
26	11	95	95
26	20	46	46
26
25	26	97	97
25	26	98	98
25	26	99	99
25	26	100	100
25	26	101	101
25	26	102	102
25	26	103	103
25	26	104	104
25	26	105	105
25	26	106	106
25	26	107	107
25	26	108	108
25	26	109	109
25	26	110	110
25	26	111	111
25	26	112	112
25	26	113	113
25	26	114	114
25	26	115	115
25	26	116	116
25	26	117	117
25	26	118	118
25	26	119	119
25	26	120	120
25	26	121	121
25	26	122	122
25	26	65	65
25	26	66	66
25	26	67	67
25	26	68	68
25	26	69	69
25	26	70	70
25	26	71	71
25	26	72	72
25	26	73	73
25	26	74	74
25	26	75	75
25	26	76	76
25	26	77	77
25	26	78	78
25	26	79	79
25	26	80	80
25	26	81	81
25	26	82	82
25	26	83	83
25	26	84	84
25	26	85	85
25	26	86	86
25	26	87	87
25	26	88	88
25	26	89	89
25	26	90	90
25	36	48	48
25	36	49	49
25	36	50	50
25	36	51	51
25	36	52	52
25	36	53	53
25	36	54	54
25	36	55	55
25	36	56	56
25	36	57	57
25	37	58	58
25	30	47	47
25	17	64	64
25	29	35	35
25	32	63	63
25	22	45	45
25	11	95	95
25	35	46	46
25
24	10	97	97
24	10	98	98
24	10	99	99
24	10	100	100
24	10	101	101
24	10	102	102
24	10	103	103
24	10	104	104
24	10	105	105
24	10	106	106
24	10	107	107
24	10	108	108
24	10	109	109
24	10	110	110
24	10	111	111
24	10	112	112
24	10	113	113
24	10	114	114
24	10	115	115
24	10	116	116
24	10	117	117
24	10	118	118
24	10	119	119
24	10	120	120
24	10	121	121
24	10	122	122
24	10	65	65
24	10	66	66
24	10	67	67
24	10	68	68
24	10	69	69
24	10	70	70
24	10	71	71
24	10	72	72
24	10	73	73
24	10	74	74
24	10	75	75
24	10	76	76
24	10	77	77
24	10	78	78
24	10	79	79
24	10	80	80
24	10	81	81
24	10	82	82
24	10	83	83
24	10	84	84
24	10	85	85
24	10	86	86
24	10	87	87
24	10	88	88
24	10	89	89
24	10	90	90
24	34	48	48
24	34	49	49
24	34	50	50
24	34	51	51
24	34	52	52
24	34	53	53
24	34	54	54
24	34	55	55
24	34	56	56
24	34	57	57
24	0	58	58
24	0	47	47
24	0	64	64
24	0	35	35
24	0	63	63
24	0	61	61
24	0	43	43
24	10	45	45
24	0	95	95
24	33	46	46
24	0	37	37
24	0	38	38
23	23	97	97
23	23	98	98
23	23	99	99
23	23	100	100
23	23	101	101
23	23	102	102
23	23	103	103
23	23	104	104
23	23	105	105
23	23	106	106
23	23	107	107
23	23	108	108
23	23	109	109
23	23	110	110
23	23	111	111
23	23	112	112
23	23	113	113
23	23	114	114
23	23	115	115
23	23	116	116
23	23	117	117
23	23	118	118
23	23	119	119
23	23	120	120
23	23	121	121
23	23	122	122
23	23	65	65
23	23	66	66
23	23	67	67
23	23	68	68
23	23	69	69
23	23	70	70
23	23	71	71
23	23	72	72
23	23	73	73
23	23	74	74
23	23	75	75
23	23	76	76
23	23	77	77
23	23	78	78
23	23	79	79
23	23	80	80
23	23	81	81
23	23	82	82
23	23	83	83
23	23	84	84
23	23	85	85
23	23	86	86
23	23	87	87
23	23	88	88
23	23	89	89
23	23	90	90
23	23	48	48
23	23	49	49
23	23	50	50
23	23	51	51
23	23	52	52
23	23	53	53
23	23	54	54
23	23	55	55
23	23	56	56
23	23	57	57
23	0	58	58
23	0	47	47
23	17	64	64
23	0	35	35
23	0	63	63
23	0	61	61
23	0	43	43
23	0	45	45
23	23	95	95
23	23	46	46
23	0	37	37
23	0	38	38
22	22	97	97
22	22	98	98
22	22	99	99
22	22	100	100
22	22	101	101
22	22	102	102
22	22	103	103
22	22	104	104
22	22	105	105
22	22	106	106
22	22	107	107
22	22	108	108
22	22	109	109
22	22	110	110
22	22	111	111
22	22	112	112
22	22	113	113
22	22	114	114
22	22	115	115
22	22	116	116
22	22	117	117
22	22	118	118
22	22	119	119
22	22	120	120
22	22	121	121
22	22	122	122
22	22	65	65
22	22	66	66
22	22	67	67
22	22	68	68
22	22	69	69
22	22	70	70
22	22	71	71
22	22	72	72
22	22	73	73
22	22	74	74
22	22	75	75
22	22	76	76
22	22	77	77
22	22	78	78
22	22	79	79
22	22	80	80
22	22	81	81
22	22	82	82
22	22	83	83
22	22	84	84
22	22	85	85
22	22	86	86
22	22	87	87
22	22	88	88
22	22	89	89
22	22	90	90
22	22	48	48
22	22	49	49
22	22	50	50
22	22	51	51
22	22	52	52
22	22	53	53
22	22	54	54
22	22	55	55
22	22	56	56
22	22	57	57
22	31	58	58
22	30	47	47
22	29	35	35
22	32	63	63
22	22	45	45
22	15	46	46
22
21	21	97	97
21	21	98	98
21	21	99	99
21	21	100	100
21	21	101	101
21	21	102	102
21	0	103	103
21	0	104	104
21	0	105	105
21	0	106	106
21	0	107	107
21	0	108	108
21	0	109	109
21	0	110	110
21	0	111	111
21	0	112	112
21	0	113	113
21	0	114	114
21	0	115	115
21	0	116	116
21	0	117	117
21	0	118	118
21	0	119	119
21	0	120	120
21	0	121	121
21	0	122	122
21	21	65	65
21	21	66	66
21	21	67	67
21	21	68	68
21	21	69	69
21	21	70	70
21	0	71	71
21	0	72	72
21	0	73	73
21	0	74	74
21	0	75	75
21	0	76	76
21	0	77	77
21	0	78	78
21	0	79	79
21	0	80	80
21	0	81	81
21	0	82	82
21	0	83	83
21	0	84	84
21	0	85	85
21	0	86	86
21	0	87	87
21	0	88	88
21	0	89	89
21	0	90	90
21	21	48	48
21	21	49	49
21	21	50	50
21	21	51	51
21	21	52	52
21	21	53	53
21	21	54	54
21	21	55	55
21	21	56	56
21	21	57	57
21	21	58	58
21	0	47	47
21	0	64	64
21	0	35	35
21	0	63	63
21	0	61	61
21	0	43	43
21	0	45	45
21	0	95	95
21	0	46	46
21	0	37	37
21	0	38	38
20	26	97	97
20	26	98	98
20	26	99	99
20	26	100	100
20	26	101	101
20	26	102	102
20	26	103	103
20	26	104	104
20	26	105	105
20	26	106	106
20	26	107	107
20	26	108	108
20	26	109	109
20	26	110	110
20	26	111	111
20	26	112	112
20	26	113	113
20	26	114	114
20	26	115	115
20	26	116	116
20	26	117	117
20	26	118	118
20	26	119	119
20	26	120	120
20	26	121	121
20	26	122	122
20	26	65	65
20	26	66	66
20	26	67	67
20	26	68	68
20	26	69	69
20	26	70	70
20	26	71	71
20	26	72	72
20	26	73	73
20	26	74	74
20	26	75	75
20	26	76	76
20	26	77	77
20	26	78	78
20	26	79	79
20	26	80	80
20	26	81	81
20	26	82	82
20	26	83	83
20	26	84	84
20	26	85	85
20	26	86	86
20	26	87	87
20	26	88	88
20	26	89	89
20	26	90	90
20	26	48	48
20	26	49	49
20	26	50	50
20	26	51	51
20	26	52	52
20	26	53	53
20	26	54	54
20	26	55	55
20	26	56	56
20	26	57	57
20	16	58	58
20	0	47	47
20	17	64	64
20	0	35	35
20	0	63	63
20	0	61	61
20	0	43	43
20	22	45	45
20	11	95	95
20	11	46	46
20	0	37	37
20	0	38	38
19	13	97	97
19	13	98	98
19	13	99	99
19	13	100	100
19	13	101	101
19	13	102	102
19	13	103	103
19	13	104	104
19	13	105	105
19	13	106	106
19	13	107	107
19	13	108	108
19	13	109	109
19	13	110	110
19	13	111	111
19	13	112	112
19	13	113	113
19	13	114	114
19	13	115	115
19	13	116	116
19	13	117	117
19	13	118	118
19	13	119	119
19	13	120	120
19	13	121	121
19	13	122	122
19	13	65	65
19	13	66	66
19	13	67	67
19	13	68	68
19	13	69	69
19	13	70	70
19	13	71	71
19	13	72	72
19	13	73	73
19	13	74	74
19	13	75	75
19	13	76	76
19	13	77	77
19	13	78	78
19	13	79	79
19	13	80	80
19	13	81	81
19	13	82	82
19	13	83	83
19	13	84	84
19	13	85	85
19	13	86	86
19	13	87	87
19	13	88	88
19	13	89	89
19	13	90	90
19	27	48	48
19	27	49	49
19	27	50	50
19	27	51	51
19	27	52	52
19	27	53	53
19	27	54	54
19	27	55	55
19	27	56	56
19	27	57	57
19	16	58	58
19	0	47	47
19	17	64	64
19	0	35	35
19	0	63	63
19	0	61	61
19	0	43	43
19	10	45	45
19	11	95	95
19	18	46	46
19	0	37	37
19	0	38	38
18	26	97	97
18	26	98	98
18	26	99	99
18	26	100	100
18	26	101	101
18	26	102	102
18	26	103	103
18	26	104	104
18	26	105	105
18	26	106	106
18	26	107	107
18	26	108	108
18	26	109	109
18	26	110	110
18	26	111	111
18	26	112	112
18	26	113	113
18	26	114	114
18	26	115	115
18	26	116	116
18	26	117	117
18	26	118	118
18	26	119	119
18	26	120	120
18	26	121	121
18	26	122	122
18	26	65	65
18	26	66	66
18	26	67	67
18	26	68	68
18	26	69	69
18	26	70	70
18	26	71	71
18	26	72	72
18	26	73	73
18	26	74	74
18	26	75	75
18	26	76	76
18	26	77	77
18	26	78	78
18	26	79	79
18	26	80	80
18	26	81	81
18	26	82	82
18	26	83	83
18	26	84	84
18	26	85	85
18	26	86	86
18	26	87	87
18	26	88	88
18	26	89	89
18	26	90	90
18	25	48	48
18	25	49	49
18	25	50	50
18	25	51	51
18	25	52	52
18	25	53	53
18	25	54	54
18	25	55	55
18	25	56	56
18	25	57	57
18	16	58	58
18	0	47	47
18	17	64	64
18	0	35	35
18	0	63	63
18	0	61	61
18	0	43	43
18	22	45	45
18	11	95	95
18	11	46	46
18	0	37	37
18	0	38	38
17	10	97	97
17	10	98	98
17	10	99	99
17	10	100	100
17	10	101	101
17	10	102	102
17	10	103	103
17	10	104	104
17	10	105	105
17	10	106	106
17	10	107	107
17	10	108	108
17	10	109	109
17	10	110	110
17	10	111	111
17	10	112	112
17	10	113	113
17	10	114	114
17	10	115	115
17	10	116	116
17	10	117	117
17	10	118	118
17	10	119	119
17	10	120	120
17	10	121	121
17	10	122	122
17	10	65	65
17	10	66	66
17	10	67	67
17	10	68	68
17	10	69	69
17	10	70	70
17	10	71	71
17	10	72	72
17	10	73	73
17	10	74	74
17	10	75	75
17	10	76	76
17	10	77	77
17	10	78	78
17	10	79	79
17	10	80	80
17	10	81	81
17	10	82	82
17	10	83	83
17	10	84	84
17	10	85	85
17	10	86	86
17	10	87	87
17	10	88	88
17	10	89	89
17	10	90	90
17	24	48	48
17	24	49	49
17	24	50	50
17	24	51	51
17	24	52	52
17	24	53	53
17	24	54	54
17	24	55	55
17	24	56	56
17	24	57	57
17	0	58	58
17	0	47	47
17	0	64	64
17	0	35	35
17	0	63	63
17	0	61	61
17	0	43	43
17	10	45	45
17	0	95	95
17	0	46	46
17	0	37	37
17	0	38	38
16	23	97	97
16	23	98	98
16	23	99	99
16	23	100	100
16	23	101	101
16	23	102	102
16	23	103	103
16	23	104	104
16	23	105	105
16	23	106	106
16	23	107	107
16	23	108	108
16	23	109	109
16	23	110	110
16	23	111	111
16	23	112	112
16	23	113	113
16	23	114	114
16	23	115	115
16	23	116	116
16	23	117	117
16	23	118	118
16	23	119	119
16	23	120	120
16	23	121	121
16	23	122	122
16	23	65	65
16	23	66	66
16	23	67	67
16	23	68	68
16	23	69	69
16	23	70	70
16	23	71	71
16	23	72	72
16	23	73	73
16	23	74	74
16	23	75	75
16	23	76	76
16	23	77	77
16	23	78	78
16	23	79	79
16	23	80	80
16	23	81	81
16	23	82	82
16	23	83	83
16	23	84	84
16	23	85	85
16	23	86	86
16	23	87	87
16	23	88	88
16	23	89	89
16	23	90	90
16	23	48	48
16	23	49	49
16	23	50	50
16	23	51	51
16	23	52	52
16	23	53	53
16	23	54	54
16	23	55	55
16	23	56	56
16	23	57	57
16	0	58	58
16	0	47	47
16	0	64	64
16	0	35	35
16	0	63	63
16	0	61	61
16	0	43	43
16	0	45	45
16	23	95	95
16	23	46	46
16	0	37	37
16	0	38	38
15	22	97	97
15	22	98	98
15	22	99	99
15	22	100	100
15	22	101	101
15	22	102	102
15	22	103	103
15	22	104	104
15	22	105	105
15	22	106	106
15	22	107	107
15	22	108	108
15	22	109	109
15	22	110	110
15	22	111	111
15	22	112	112
15	22	113	113
15	22	114	114
15	22	115	115
15	22	116	116
15	22	117	117
15	22	118	118
15	22	119	119
15	22	120	120
15	22	121	121
15	22	122	122
15	22	65	65
15	22	66	66
15	22	67	67
15	22	68	68
15	22	69	69
15	22	70	70
15	22	71	71
15	22	72	72
15	22	73	73
15	22	74	74
15	22	75	75
15	22	76	76
15	22	77	77
15	22	78	78
15	22	79	79
15	22	80	80
15	22	81	81
15	22	82	82
15	22	83	83
15	22	84	84
15	22	85	85
15	22	86	86
15	22	87	87
15	22	88	88
15	22	89	89
15	22	90	90
15	22	48	48
15	22	49	49
15	22	50	50
15	22	51	51
15	22	52	52
15	22	53	53
15	22	54	54
15	22	55	55
15	22	56	56
15	22	57	57
15	0	58	58
15	0	47	47
15	0	64	64
15	0	35	35
15	0	63	63
15	0	61	61
15	0	43	43
15	22	45	45
15	0	95	95
15	0	46	46
15	0	37	37
15	0	38	38
14	21	97	97
14	21	98	98
14	21	99	99
14	21	100	100
14	21	101	101
14	21	102	102
14	0	103	103
14	0	104	104
14	0	105	105
14	0	106	106
14	0	107	107
14	0	108	108
14	0	109	109
14	0	110	110
14	0	111	111
14	0	112	112
14	0	113	113
14	0	114	114
14	0	115	115
14	0	116	116
14	0	117	117
14	0	118	118
14	0	119	119
14	0	120	120
14	0	121	121
14	0	122	122
14	21	65	65
14	21	66	66
14	21	67	67
14	21	68	68
14	21	69	69
14	21	70	70
14	0	71	71
14	0	72	72
14	0	73	73
14	0	74	74
14	0	75	75
14	0	76	76
14	0	77	77
14	0	78	78
14	0	79	79
14	0	80	80
14	0	81	81
14	0	82	82
14	0	83	83
14	0	84	84
14	0	85	85
14	0	86	86
14	0	87	87
14	0	88	88
14	0	89	89
14	0	90	90
14	21	48	48
14	21	49	49
14	21	50	50
14	21	51	51
14	21	52	52
14	21	53	53
14	21	54	54
14	21	55	55
14	21	56	56
14	21	57	57
14	21	58	58
14	0	47	47
14	0	64	64
14	0	35	35
14	0	63	63
14	0	61	61
14	0	43	43
14	0	45	45
14	0	95	95
14	0	46	46
14	0	37	37
14	0	38	38
13	13	97	97
13	13	98	98
13	13	99	99
13	13	100	100
13	13	101	101
13	13	102	102
13	13	103	103
13	13	104	104
13	13	105	105
13	13	106	106
13	13	107	107
13	13	108	108
13	13	109	109
13	13	110	110
13	13	111	111
13	13	112	112
13	13	113	113
13	13	114	114
13	13	115	115
13	13	116	116
13	13	117	117
13	13	118	118
13	13	119	119
13	13	120	120
13	13	121	121
13	13	122	122
13	13	65	65
13	13	66	66
13	13	67	67
13	13	68	68
13	13	69	69
13	13	70	70
13	13	71	71
13	13	72	72
13	13	73	73
13	13	74	74
13	13	75	75
13	13	76	76
13	13	77	77
13	13	78	78
13	13	79	79
13	13	80	80
13	13	81	81
13	13	82	82
13	13	83	83
13	13	84	84
13	13	85	85
13	13	86	86
13	13	87	87
13	13	88	88
13	13	89	89
13	13	90	90
13	13	48	48
13	13	49	49
13	13	50	50
13	13	51	51
13	13	52	52
13	13	53	53
13	13	54	54
13	13	55	55
13	13	56	56
13	13	57	57
13	16	58	58
13	0	47	47
13	17	64	64
13	0	35	35
13	0	63	63
13	0	61	61
13	0	43	43
13	10	45	45
13	11	95	95
13	20	46	46
13	0	37	37
13	0	38	38
12	13	97	97
12	13	98	98
12	13	99	99
12	13	100	100
12	13	101	101
12	13	102	102
12	13	103	103
12	13	104	104
12	13	105	105
12	13	106	106
12	13	107	107
12	13	108	108
12	13	109	109
12	13	110	110
12	13	111	111
12	13	112	112
12	13	113	113
12	13	114	114
12	13	115	115
12	13	116	116
12	13	117	117
12	13	118	118
12	13	119	119
12	13	120	120
12	13	121	121
12	13	122	122
12	13	65	65
12	13	66	66
12	13	67	67
12	13	68	68
12	13	69	69
12	13	70	70
12	13	71	71
12	13	72	72
12	13	73	73
12	13	74	74
12	13	75	75
12	13	76	76
12	13	77	77
12	13	78	78
12	13	79	79
12	13	80	80
12	13	81	81
12	13	82	82
12	13	83	83
12	13	84	84
12	13	85	85
12	13	86	86
12	13	87	87
12	13	88	88
12	13	89	89
12	13	90	90
12	19	48	48
12	19	49	49
12	19	50	50
12	19	51	51
12	19	52	52
12	19	53	53
12	19	54	54
12	19	55	55
12	19	56	56
12	19	57	57
12	16	58	58
12	0	47	47
12	17	64	64
12	0	35	35
12	0	63	63
12	0	61	61
12	0	43	43
12	10	45	45
12	11	95	95
12	18	46	46
12	0	37	37
12	0	38	38
11	11	97	97
11	11	98	98
11	11	99	99
11	11	100	100
11	11	101	101
11	11	102	102
11	11	103	103
11	11	104	104
11	11	105	105
11	11	106	106
11	11	107	107
11	11	108	108
11	11	109	109
11	11	110	110
11	11	111	111
11	11	112	112
11	11	113	113
11	11	114	114
11	11	115	115
11	11	116	116
11	11	117	117
11	11	118	118
11	11	119	119
11	11	120	120
11	11	121	121
11	11	122	122
11	11	65	65
11	11	66	66
11	11	67	67
11	11	68	68
11	11	69	69
11	11	70	70
11	11	71	71
11	11	72	72
11	11	73	73
11	11	74	74
11	11	75	75
11	11	76	76
11	11	77	77
11	11	78	78
11	11	79	79
11	11	80	80
11	11	81	81
11	11	82	82
11	11	83	83
11	11	84	84
11	11	85	85
11	11	86	86
11	11	87	87
11	11	88	88
11	11	89	89
11	11	90	90
11	11	48	48
11	11	49	49
11	11	50	50
11	11	51	51
11	11	52	52
11	11	53	53
11	11	54	54
11	11	55	55
11	11	56	56
11	11	57	57
11	16	58	58
11	0	47	47
11	17	64	64
11	0	35	35
11	0	63	63
11	0	61	61
11	0	43	43
11	0	45	45
11	11	95	95
11	11	46	46
11	0	37	37
11	0	38	38
10	10	97	97
10	10	98	98
10	10	99	99
10	10	100	100
10	10	101	101
10	10	102	102
10	10	103	103
10	10	104	104
10	10	105	105
10	10	106	106
10	10	107	107
10	10	108	108
10	10	109	109
10	10	110	110
10	10	111	111
10	10	112	112
10	10	113	113
10	10	114	114
10	10	115	115
10	10	116	116
10	10	117	117
10	10	118	118
10	10	119	119
10	10	120	120
10	10	121	121
10	10	122	122
10	10	65	65
10	10	66	66
10	10	67	67
10	10	68	68
10	10	69	69
10	10	70	70
10	10	71	71
10	10	72	72
10	10	73	73
10	10	74	74
10	10	75	75
10	10	76	76
10	10	77	77
10	10	78	78
10	10	79	79
10	10	80	80
10	10	81	81
10	10	82	82
10	10	83	83
10	10	84	84
10	10	85	85
10	10	86	86
10	10	87	87
10	10	88	88
10	10	89	89
10	10	90	90
10	10	48	48
10	10	49	49
10	10	50	50
10	10	51	51
10	10	52	52
10	10	53	53
10	10	54	54
10	10	55	55
10	10	56	56
10	10	57	57
10	0	58	58
10	0	47	47
10	0	64	64
10	0	35	35
10	0	63	63
10	0	61	61
10	0	43	43
10	10	45	45
10	0	95	95
10	15	46	46
10	0	37	37
10	0	38	38
9	13	97	97
9	13	98	98
9	13	99	99
9	13	100	100
9	13	101	101
9	13	102	102
9	13	103	103
9	13	104	104
9	13	105	105
9	13	106	106
9	13	107	107
9	13	108	108
9	13	109	109
9	13	110	110
9	13	111	111
9	13	112	112
9	13	113	113
9	13	114	114
9	13	115	115
9	13	116	116
9	13	117	117
9	13	118	118
9	13	119	119
9	13	120	120
9	13	121	121
9	13	122	122
9	13	65	65
9	13	66	66
9	13	67	67
9	13	68	68
9	13	69	69
9	13	70	70
9	13	71	71
9	13	72	72
9	13	73	73
9	13	74	74
9	13	75	75
9	13	76	76
9	13	77	77
9	13	78	78
9	13	79	79
9	13	80	80
9	13	81	81
9	13	82	82
9	13	83	83
9	13	84	84
9	13	85	85
9	13	86	86
9	13	87	87
9	13	88	88
9	13	89	89
9	13	90	90
9	12	48	48
9	12	49	49
9	12	50	50
9	12	51	51
9	12	52	52
9	12	53	53
9	12	54	54
9	12	55	55
9	12	56	56
9	12	57	57
9	0	58	58
9	0	47	47
9	0	64	64
9	0	35	35
9	0	63	63
9	0	61	61
9	0	43	43
9	10	45	45
9	11	95	95
9	11	46	46
9	0	37	37
9	0	38	38
8	0	97	97
8	0	98	98
8	0	99	99
8	0	100	100
8	0	101	101
8	0	102	102
8	0	103	103
8	0	104	104
8	0	105	105
8	0	106	106
8	0	107	107
8	0	108	108
8	0	109	109
8	0	110	110
8	0	111	111
8	0	112	112
8	0	113	113
8	0	114	114
8	0	115	115
8	0	116	116
8	0	117	117
8	0	118	118
8	0	119	119
8	0	120	120
8	0	121	121
8	0	122	122
8	0	65	65
8	0	66	66
8	0	67	67
8	0	68	68
8	0	69	69
8	0	70	70
8	0	71	71
8	0	72	72
8	0	73	73
8	0	74	74
8	0	75	75
8	0	76	76
8	0	77	77
8	0	78	78
8	0	79	79
8	0	80	80
8	0	81	81
8	0	82	82
8	0	83	83
8	0	84	84
8	0	85	85
8	0	86	86
8	0	87	87
8	0	88	88
8	0	89	89
8	0	90	90
8	0	48	48
8	0	49	49
8	0	50	50
8	0	51	51
8	0	52	52
8	0	53	53
8	0	54	54
8	0	55	55
8	0	56	56
8	0	57	57
8	0	58	58
8	9	47	47
8	0	64	64
8	0	35	35
8	0	63	63
8	0	61	61
8	0	43	43
8	0	45	45
8	0	95	95
8	0	46	46
8	0	37	37
8	0	38	38
7	0	97	97
7	0	98	98
7	0	99	99
7	0	100	100
7	0	101	101
7	0	102	102
7	0	103	103
7	0	104	104
7	0	105	105
7	0	106	106
7	0	107	107
7	0	108	108
7	0	109	109
7	0	110	110
7	0	111	111
7	0	112	112
7	0	113	113
7	0	114	114
7	0	115	115
7	0	116	116
7	0	117	117
7	0	118	118
7	0	119	119
7	0	120	120
7	0	121	121
7	0	122	122
7	0	65	65
7	0	66	66
7	0	67	67
7	0	68	68
7	0	69	69
7	0	70	70
7	0	71	71
7	0	72	72
7	0	73	73
7	0	74	74
7	0	75	75
7	0	76	76
7	0	77	77
7	0	78	78
7	0	79	79
7	0	80	80
7	0	81	81
7	0	82	82
7	0	83	83
7	0	84	84
7	0	85	85
7	0	86	86
7	0	87	87
7	0	88	88
7	0	89	89
7	0	90	90
7	0	48	48
7	0	49	49
7	0	50	50
7	0	51	51
7	0	52	52
7	0	53	53
7	0	54	54
7	0	55	55
7	0	56	56
7	0	57	57
7	0	58	58
7	8	47	47
7	0	64	64
7	0	35	35
7	0	63	63
7	0	61	61
7	0	43	43
7	0	45	45
7	0	95	95
7	0	46	46
7	0	37	37
7	0	38	38
6	6	97	97
6	6	98	98
6	6	99	99
6	6	100	100
6	6	101	101
6	6	102	102
6	6	103	103
6	6	104	104
6	6	105	105
6	6	106	106
6	6	107	107
6	6	108	108
6	6	109	109
6	6	110	110
6	6	111	111
6	6	112	112
6	6	113	113
6	6	114	114
6	6	115	115
6	6	116	116
6	6	117	117
6	6	118	118
6	6	119	119
6	6	120	120
6	6	121	121
6	6	122	122
6	6	65	65
6	6	66	66
6	6	67	67
6	6	68	68
6	6	69	69
6	6	70	70
6	6	71	71
6	6	72	72
6	6	73	73
6	6	74	74
6	6	75	75
6	6	76	76
6	6	77	77
6	6	78	78
6	6	79	79
6	6	80	80
6	6	81	81
6	6	82	82
6	6	83	83
6	6	84	84
6	6	85	85
6	6	86	86
6	6	87	87
6	6	88	88
6	6	89	89
6	6	90	90
6	6	48	48
6	6	49	49
6	6	50	50
6	6	51	51
6	6	52	52
6	6	53	53
6	6	54	54
6	6	55	55
6	6	56	56
6	6	57	57
6	7	58	58
6	0	47	47
6	0	64	64
6	0	35	35
6	0	63	63
6	0	61	61
6	6	43	43
6	6	45	45
6	0	95	95
6	6	46	46
6	0	37	37
6	0	38	38
5	6	97	97
5	6	98	98
5	6	99	99
5	6	100	100
5	6	101	101
5	6	102	102
5	6	103	103
5	6	104	104
5	6	105	105
5	6	106	106
5	6	107	107
5	6	108	108
5	6	109	109
5	6	110	110
5	6	111	111
5	6	112	112
5	6	113	113
5	6	114	114
5	6	115	115
5	6	116	116
5	6	117	117
5	6	118	118
5	6	119	119
5	6	120	120
5	6	121	121
5	6	122	122
5	6	65	65
5	6	66	66
5	6	67	67
5	6	68	68
5	6	69	69
5	6	70	70
5	6	71	71
5	6	72	72
5	6	73	73
5	6	74	74
5	6	75	75
5	6	76	76
5	6	77	77
5	6	78	78
5	6	79	79
5	6	80	80
5	6	81	81
5	6	82	82
5	6	83	83
5	6	84	84
5	6	85	85
5	6	86	86
5	6	87	87
5	6	88	88
5	6	89	89
5	6	90	90
5	6	48	48
5	6	49	49
5	6	50	50
5	6	51	51
5	6	52	52
5	6	53	53
5	6	54	54
5	6	55	55
5	6	56	56
5	6	57	57
5	7	58	58
5	6	43	43
5	6	45	45
5	6	46	46
2	5	97	97
2	5	98	98
2	5	99	99
2	5	100	100
2	5	101	101
2	5	102	102
2	5	103	103
2	5	104	104
2	5	105	105
2	5	106	106
2	5	107	107
2	5	108	108
2	5	109	109
2	5	110	110
2	5	111	111
2	5	112	112
2	5	113	113
2	5	114	114
2	5	115	115
2	5	116	116
2	5	117	117
2	5	118	118
2	5	119	119
2	5	120	120
2	5	121	121
2	5	122	122
2	5	65	65
2	5	66	66
2	5	67	67
2	5	68	68
2	5	69	69
2	5	70	70
2	5	71	71
2	5	72	72
2	5	73	73
2	5	74	74
2	5	75	75
2	5	76	76
2	5	77	77
2	5	78	78
2	5	79	79
2	5	80	80
2	5	81	81
2	5	82	82
2	5	83	83
2	5	84	84
2	5	85	85
2	5	86	86
2	5	87	87
2	5	88	88
2	5	89	89
2	5	90	90
2	4	48	48
2	4	49	49
2	4	50	50
2	4	51	51
2	4	52	52
2	4	53	53
2	4	54	54
2	4	55	55
2	4	56	56
2	4	57	57
2	4	58	58
2	4	47	47
2	4	64	64
2	4	35	35
2	4	63	63
2	4	61	61
2	4	43	43
2	4	45	45
2	4	95	95
2	4	46	46
2	4	37	37
2	4	38	38
1	5	97	97
1	5	98	98
1	5	99	99
1	5	100	100
1	5	101	101
1	5	102	102
1	5	103	103
1	5	104	104
1	5	105	105
1	5	106	106
1	5	107	107
1	5	108	108
1	5	109	109
1	5	110	110
1	5	111	111
1	5	112	112
1	5	113	113
1	5	114	114
1	5	115	115
1	5	116	116
1	5	117	117
1	5	118	118
1	5	119	119
1	5	120	120
1	5	121	121
1	5	122	122
1	5	65	65
1	5	66	66
1	5	67	67
1	5	68	68
1	5	69	69
1	5	70	70
1	5	71	71
1	5	72	72
1	5	73	73
1	5	74	74
1	5	75	75
1	5	76	76
1	5	77	77
1	5	78	78
1	5	79	79
1	5	80	80
1	5	81	81
1	5	82	82
1	5	83	83
1	5	84	84
1	5	85	85
1	5	86	86
1	5	87	87
1	5	88	88
1	5	89	89
1	5	90	90
1	4	48	48
1	4	49	49
1	4	50	50
1	4	51	51
1	4	52	52
1	4	53	53
1	4	54	54
1	4	55	55
1	4	56	56
1	4	57	57
1	4	58	58
1	4	47	47
1	4	64	64
1	4	35	35
1	4	63	63
1	4	61	61
1	4	43	43
1	4	45	45
1	4	95	95
1	4	46	46
1	4	37	37
1	4	38	38
