0	1	20	20
0	10	21	21
0	10	22	22
0	10	23	23
0	10	24	24
0	10	25	25
0	10	26	26
0	10	27	27
0	10	28	28
0	10	29	29
0	10	2a	2a
0	10	2b	2b
0	10	2c	2c
0	10	2d	2d
0	10	2e	2e
0	10	2f	2f
0	5	30	30
0	5	31	31
0	5	32	32
0	5	33	33
0	5	34	34
0	5	35	35
0	5	36	36
0	5	37	37
0	5	38	38
0	5	39	39
0	10	3a	3a
0	10	3b	3b
0	10	3c	3c
0	10	3d	3d
0	10	3e	3e
0	10	3f	3f
0	10	40	40
0	3	41	41
0	3	42	42
0	3	43	43
0	3	44	44
0	3	45	45
0	3	46	46
0	3	47	47
0	3	48	48
0	3	49	49
0	3	4a	4a
0	3	4b	4b
0	3	4c	4c
0	3	4d	4d
0	3	4e	4e
0	3	4f	4f
0	3	50	50
0	3	51	51
0	3	52	52
0	3	53	53
0	3	54	54
0	3	55	55
0	3	56	56
0	3	57	57
0	3	58	58
0	3	59	59
0	3	5a	5a
0	10	5b	5b
0	11	5c	5c
0	10	5d	5d
0	10	5e	5e
0	3	5f	5f
0	10	60	60
0	3	61	61
0	3	62	62
0	3	63	63
0	3	64	64
0	3	65	65
0	3	66	66
0	3	67	67
0	3	68	68
0	3	69	69
0	3	6a	6a
0	3	6b	6b
0	3	6c	6c
0	3	6d	6d
0	3	6e	6e
0	3	6f	6f
0	3	70	70
0	3	71	71
0	3	72	72
0	3	73	73
0	3	74	74
0	3	75	75
0	3	76	76
0	3	77	77
0	3	78	78
0	3	79	79
0	3	7a	7a
0	10	7b	7b
0	10	7c	7c
0	10	7d	7d
0	10	7e	7e
1	1	20	20
1	2	21	21
1	2	22	22
1	2	23	23
1	2	24	24
1	2	25	25
1	2	26	26
1	2	27	27
1	2	28	28
1	2	29	29
1	2	2a	2a
1	2	2b	2b
1	2	2c	2c
1	2	2d	2d
1	2	2e	2e
1	2	2f	2f
1	2	30	30
1	2	31	31
1	2	32	32
1	2	33	33
1	2	34	34
1	2	35	35
1	2	36	36
1	2	37	37
1	2	38	38
1	2	39	39
1	2	3a	3a
1	2	3b	3b
1	2	3c	3c
1	2	3d	3d
1	2	3e	3e
1	2	3f	3f
1	2	40	40
1	2	41	41
1	2	42	42
1	2	43	43
1	2	44	44
1	2	45	45
1	2	46	46
1	2	47	47
1	2	48	48
1	2	49	49
1	2	4a	4a
1	2	4b	4b
1	2	4c	4c
1	2	4d	4d
1	2	4e	4e
1	2	4f	4f
1	2	50	50
1	2	51	51
1	2	52	52
1	2	53	53
1	2	54	54
1	2	55	55
1	2	56	56
1	2	57	57
1	2	58	58
1	2	59	59
1	2	5a	5a
1	2	5b	5b
1	2	5c	5c
1	2	5d	5d
1	2	5e	5e
1	2	5f	5f
1	2	60	60
1	2	61	61
1	2	62	62
1	2	63	63
1	2	64	64
1	2	65	65
1	2	66	66
1	2	67	67
1	2	68	68
1	2	69	69
1	2	6a	6a
1	2	6b	6b
1	2	6c	6c
1	2	6d	6d
1	2	6e	6e
1	2	6f	6f
1	2	70	70
1	2	71	71
1	2	72	72
1	2	73	73
1	2	74	74
1	2	75	75
1	2	76	76
1	2	77	77
1	2	78	78
1	2	79	79
1	2	7a	7a
1	2	7b	7b
1	2	7c	7c
1	2	7d	7d
1	2	7e	7e
1
2	2	20	20
2	2	21	21
2	2	22	22
2	2	23	23
2	2	24	24
2	2	25	25
2	2	26	26
2	2	27	27
2	2	28	28
2	2	29	29
2	2	2a	2a
2	2	2b	2b
2	2	2c	2c
2	2	2d	2d
2	2	2e	2e
2	2	2f	2f
2	2	30	30
2	2	31	31
2	2	32	32
2	2	33	33
2	2	34	34
2	2	35	35
2	2	36	36
2	2	37	37
2	2	38	38
2	2	39	39
2	2	3a	3a
2	2	3b	3b
2	2	3c	3c
2	2	3d	3d
2	2	3e	3e
2	2	3f	3f
2	2	40	40
2	2	41	41
2	2	42	42
2	2	43	43
2	2	44	44
2	2	45	45
2	2	46	46
2	2	47	47
2	2	48	48
2	2	49	49
2	2	4a	4a
2	2	4b	4b
2	2	4c	4c
2	2	4d	4d
2	2	4e	4e
2	2	4f	4f
2	2	50	50
2	2	51	51
2	2	52	52
2	2	53	53
2	2	54	54
2	2	55	55
2	2	56	56
2	2	57	57
2	2	58	58
2	2	59	59
2	2	5a	5a
2	2	5b	5b
2	2	5c	5c
2	2	5d	5d
2	2	5e	5e
2	2	5f	5f
2	2	60	60
2	2	61	61
2	2	62	62
2	2	63	63
2	2	64	64
2	2	65	65
2	2	66	66
2	2	67	67
2	2	68	68
2	2	69	69
2	2	6a	6a
2	2	6b	6b
2	2	6c	6c
2	2	6d	6d
2	2	6e	6e
2	2	6f	6f
2	2	70	70
2	2	71	71
2	2	72	72
2	2	73	73
2	2	74	74
2	2	75	75
2	2	76	76
2	2	77	77
2	2	78	78
2	2	79	79
2	2	7a	7a
2	2	7b	7b
2	2	7c	7c
2	2	7d	7d
2	2	7e	7e
3	2	20	20
3	2	21	21
3	2	22	22
3	2	23	23
3	2	24	24
3	2	25	25
3	2	26	26
3	2	27	27
3	2	28	28
3	2	29	29
3	2	2a	2a
3	2	2b	2b
3	2	2c	2c
3	3	2d	2d
3	2	2e	2e
3	2	2f	2f
3	3	30	30
3	3	31	31
3	3	32	32
3	3	33	33
3	3	34	34
3	3	35	35
3	3	36	36
3	3	37	37
3	3	38	38
3	3	39	39
3	2	3a	3a
3	2	3b	3b
3	2	3c	3c
3	2	3d	3d
3	2	3e	3e
3	2	3f	3f
3	2	40	40
3	3	41	41
3	3	42	42
3	3	43	43
3	3	44	44
3	3	45	45
3	3	46	46
3	3	47	47
3	3	48	48
3	3	49	49
3	3	4a	4a
3	3	4b	4b
3	3	4c	4c
3	3	4d	4d
3	3	4e	4e
3	3	4f	4f
3	3	50	50
3	3	51	51
3	3	52	52
3	3	53	53
3	3	54	54
3	3	55	55
3	3	56	56
3	3	57	57
3	3	58	58
3	3	59	59
3	3	5a	5a
3	2	5b	5b
3	2	5c	5c
3	2	5d	5d
3	2	5e	5e
3	3	5f	5f
3	2	60	60
3	3	61	61
3	3	62	62
3	3	63	63
3	3	64	64
3	3	65	65
3	3	66	66
3	3	67	67
3	3	68	68
3	3	69	69
3	3	6a	6a
3	3	6b	6b
3	3	6c	6c
3	3	6d	6d
3	3	6e	6e
3	3	6f	6f
3	3	70	70
3	3	71	71
3	3	72	72
3	3	73	73
3	3	74	74
3	3	75	75
3	3	76	76
3	3	77	77
3	3	78	78
3	3	79	79
3	3	7a	7a
3	2	7b	7b
3	2	7c	7c
3	2	7d	7d
3	2	7e	7e
3
4	2	20	20
4	2	21	21
4	2	22	22
4	2	23	23
4	2	24	24
4	2	25	25
4	2	26	26
4	2	27	27
4	2	28	28
4	2	29	29
4	2	2a	2a
4	2	2b	2b
4	2	2c	2c
4	2	2d	2d
4	2	2e	2e
4	2	2f	2f
4	4	30	30
4	4	31	31
4	4	32	32
4	4	33	33
4	4	34	34
4	4	35	35
4	4	36	36
4	4	37	37
4	4	38	38
4	4	39	39
4	2	3a	3a
4	2	3b	3b
4	2	3c	3c
4	2	3d	3d
4	2	3e	3e
4	2	3f	3f
4	2	40	40
4	2	41	41
4	2	42	42
4	2	43	43
4	2	44	44
4	2	45	45
4	2	46	46
4	2	47	47
4	2	48	48
4	2	49	49
4	2	4a	4a
4	2	4b	4b
4	2	4c	4c
4	2	4d	4d
4	2	4e	4e
4	2	4f	4f
4	2	50	50
4	2	51	51
4	2	52	52
4	2	53	53
4	2	54	54
4	2	55	55
4	2	56	56
4	2	57	57
4	2	58	58
4	2	59	59
4	2	5a	5a
4	2	5b	5b
4	2	5c	5c
4	2	5d	5d
4	2	5e	5e
4	2	5f	5f
4	2	60	60
4	2	61	61
4	2	62	62
4	2	63	63
4	2	64	64
4	2	65	65
4	2	66	66
4	2	67	67
4	2	68	68
4	2	69	69
4	2	6a	6a
4	2	6b	6b
4	2	6c	6c
4	2	6d	6d
4	2	6e	6e
4	2	6f	6f
4	2	70	70
4	2	71	71
4	2	72	72
4	2	73	73
4	2	74	74
4	2	75	75
4	2	76	76
4	2	77	77
4	2	78	78
4	2	79	79
4	2	7a	7a
4	2	7b	7b
4	2	7c	7c
4	2	7d	7d
4	2	7e	7e
4
5	2	20	20
5	2	21	21
5	2	22	22
5	2	23	23
5	2	24	24
5	2	25	25
5	2	26	26
5	2	27	27
5	2	28	28
5	2	29	29
5	2	2a	2a
5	2	2b	2b
5	2	2c	2c
5	2	2d	2d
5	2	2e	2e
5	2	2f	2f
5	6	30	30
5	6	31	31
5	6	32	32
5	6	33	33
5	6	34	34
5	6	35	35
5	6	36	36
5	6	37	37
5	6	38	38
5	6	39	39
5	2	3a	3a
5	2	3b	3b
5	2	3c	3c
5	2	3d	3d
5	2	3e	3e
5	2	3f	3f
5	2	40	40
5	7	41	41
5	7	42	42
5	7	43	43
5	7	44	44
5	7	45	45
5	7	46	46
5	2	47	47
5	2	48	48
5	2	49	49
5	2	4a	4a
5	2	4b	4b
5	2	4c	4c
5	2	4d	4d
5	2	4e	4e
5	2	4f	4f
5	2	50	50
5	2	51	51
5	2	52	52
5	2	53	53
5	2	54	54
5	2	55	55
5	2	56	56
5	2	57	57
5	2	58	58
5	2	59	59
5	2	5a	5a
5	2	5b	5b
5	2	5c	5c
5	2	5d	5d
5	2	5e	5e
5	2	5f	5f
5	2	60	60
5	7	61	61
5	7	62	62
5	7	63	63
5	7	64	64
5	7	65	65
5	7	66	66
5	2	67	67
5	2	68	68
5	2	69	69
5	2	6a	6a
5	2	6b	6b
5	2	6c	6c
5	2	6d	6d
5	2	6e	6e
5	2	6f	6f
5	2	70	70
5	2	71	71
5	2	72	72
5	2	73	73
5	2	74	74
5	2	75	75
5	2	76	76
5	2	77	77
5	2	78	78
5	2	79	79
5	2	7a	7a
5	2	7b	7b
5	2	7c	7c
5	2	7d	7d
5	2	7e	7e
5
6	2	20	20
6	2	21	21
6	2	22	22
6	2	23	23
6	2	24	24
6	2	25	25
6	2	26	26
6	2	27	27
6	2	28	28
6	2	29	29
6	2	2a	2a
6	2	2b	2b
6	2	2c	2c
6	2	2d	2d
6	2	2e	2e
6	2	2f	2f
6	8	30	30
6	8	31	31
6	8	32	32
6	8	33	33
6	8	34	34
6	8	35	35
6	8	36	36
6	8	37	37
6	8	38	38
6	8	39	39
6	2	3a	3a
6	2	3b	3b
6	2	3c	3c
6	2	3d	3d
6	2	3e	3e
6	2	3f	3f
6	2	40	40
6	9	41	41
6	9	42	42
6	9	43	43
6	9	44	44
6	9	45	45
6	9	46	46
6	2	47	47
6	2	48	48
6	2	49	49
6	2	4a	4a
6	2	4b	4b
6	2	4c	4c
6	2	4d	4d
6	2	4e	4e
6	2	4f	4f
6	2	50	50
6	2	51	51
6	2	52	52
6	2	53	53
6	2	54	54
6	2	55	55
6	2	56	56
6	2	57	57
6	2	58	58
6	2	59	59
6	2	5a	5a
6	2	5b	5b
6	2	5c	5c
6	2	5d	5d
6	2	5e	5e
6	2	5f	5f
6	2	60	60
6	9	61	61
6	9	62	62
6	9	63	63
6	9	64	64
6	9	65	65
6	9	66	66
6	2	67	67
6	2	68	68
6	2	69	69
6	2	6a	6a
6	2	6b	6b
6	2	6c	6c
6	2	6d	6d
6	2	6e	6e
6	2	6f	6f
6	2	70	70
6	2	71	71
6	2	72	72
6	2	73	73
6	2	74	74
6	2	75	75
6	2	76	76
6	2	77	77
6	2	78	78
6	2	79	79
6	2	7a	7a
6	2	7b	7b
6	2	7c	7c
6	2	7d	7d
6	2	7e	7e
6
7	2	20	20
7	2	21	21
7	2	22	22
7	2	23	23
7	2	24	24
7	2	25	25
7	2	26	26
7	2	27	27
7	2	28	28
7	2	29	29
7	2	2a	2a
7	2	2b	2b
7	2	2c	2c
7	2	2d	2d
7	2	2e	2e
7	2	2f	2f
7	9	30	30
7	9	31	31
7	9	32	32
7	9	33	33
7	9	34	34
7	9	35	35
7	9	36	36
7	9	37	37
7	9	38	38
7	9	39	39
7	2	3a	3a
7	2	3b	3b
7	2	3c	3c
7	2	3d	3d
7	2	3e	3e
7	2	3f	3f
7	2	40	40
7	9	41	41
7	9	42	42
7	9	43	43
7	9	44	44
7	9	45	45
7	9	46	46
7	2	47	47
7	2	48	48
7	2	49	49
7	2	4a	4a
7	2	4b	4b
7	2	4c	4c
7	2	4d	4d
7	2	4e	4e
7	2	4f	4f
7	2	50	50
7	2	51	51
7	2	52	52
7	2	53	53
7	2	54	54
7	2	55	55
7	2	56	56
7	2	57	57
7	2	58	58
7	2	59	59
7	2	5a	5a
7	2	5b	5b
7	2	5c	5c
7	2	5d	5d
7	2	5e	5e
7	2	5f	5f
7	2	60	60
7	9	61	61
7	9	62	62
7	9	63	63
7	9	64	64
7	9	65	65
7	9	66	66
7	2	67	67
7	2	68	68
7	2	69	69
7	2	6a	6a
7	2	6b	6b
7	2	6c	6c
7	2	6d	6d
7	2	6e	6e
7	2	6f	6f
7	2	70	70
7	2	71	71
7	2	72	72
7	2	73	73
7	2	74	74
7	2	75	75
7	2	76	76
7	2	77	77
7	2	78	78
7	2	79	79
7	2	7a	7a
7	2	7b	7b
7	2	7c	7c
7	2	7d	7d
7	2	7e	7e
7
8	2	20	20
8	2	21	21
8	2	22	22
8	2	23	23
8	2	24	24
8	2	25	25
8	2	26	26
8	2	27	27
8	2	28	28
8	2	29	29
8	2	2a	2a
8	2	2b	2b
8	2	2c	2c
8	2	2d	2d
8	2	2e	2e
8	2	2f	2f
8	4	30	30
8	4	31	31
8	4	32	32
8	4	33	33
8	4	34	34
8	4	35	35
8	4	36	36
8	4	37	37
8	4	38	38
8	4	39	39
8	2	3a	3a
8	2	3b	3b
8	2	3c	3c
8	2	3d	3d
8	2	3e	3e
8	2	3f	3f
8	2	40	40
8	10	41	41
8	10	42	42
8	10	43	43
8	10	44	44
8	10	45	45
8	10	46	46
8	2	47	47
8	2	48	48
8	2	49	49
8	2	4a	4a
8	2	4b	4b
8	2	4c	4c
8	2	4d	4d
8	2	4e	4e
8	2	4f	4f
8	2	50	50
8	2	51	51
8	2	52	52
8	2	53	53
8	2	54	54
8	2	55	55
8	2	56	56
8	2	57	57
8	2	58	58
8	2	59	59
8	2	5a	5a
8	2	5b	5b
8	2	5c	5c
8	2	5d	5d
8	2	5e	5e
8	2	5f	5f
8	2	60	60
8	10	61	61
8	10	62	62
8	10	63	63
8	10	64	64
8	10	65	65
8	10	66	66
8	2	67	67
8	2	68	68
8	2	69	69
8	2	6a	6a
8	2	6b	6b
8	2	6c	6c
8	2	6d	6d
8	2	6e	6e
8	2	6f	6f
8	2	70	70
8	2	71	71
8	2	72	72
8	2	73	73
8	2	74	74
8	2	75	75
8	2	76	76
8	2	77	77
8	2	78	78
8	2	79	79
8	2	7a	7a
8	2	7b	7b
8	2	7c	7c
8	2	7d	7d
8	2	7e	7e
8
9	2	20	20
9	2	21	21
9	2	22	22
9	2	23	23
9	2	24	24
9	2	25	25
9	2	26	26
9	2	27	27
9	2	28	28
9	2	29	29
9	2	2a	2a
9	2	2b	2b
9	2	2c	2c
9	2	2d	2d
9	2	2e	2e
9	2	2f	2f
9	10	30	30
9	10	31	31
9	10	32	32
9	10	33	33
9	10	34	34
9	10	35	35
9	10	36	36
9	10	37	37
9	10	38	38
9	10	39	39
9	2	3a	3a
9	2	3b	3b
9	2	3c	3c
9	2	3d	3d
9	2	3e	3e
9	2	3f	3f
9	2	40	40
9	10	41	41
9	10	42	42
9	10	43	43
9	10	44	44
9	10	45	45
9	10	46	46
9	2	47	47
9	2	48	48
9	2	49	49
9	2	4a	4a
9	2	4b	4b
9	2	4c	4c
9	2	4d	4d
9	2	4e	4e
9	2	4f	4f
9	2	50	50
9	2	51	51
9	2	52	52
9	2	53	53
9	2	54	54
9	2	55	55
9	2	56	56
9	2	57	57
9	2	58	58
9	2	59	59
9	2	5a	5a
9	2	5b	5b
9	2	5c	5c
9	2	5d	5d
9	2	5e	5e
9	2	5f	5f
9	2	60	60
9	10	61	61
9	10	62	62
9	10	63	63
9	10	64	64
9	10	65	65
9	10	66	66
9	2	67	67
9	2	68	68
9	2	69	69
9	2	6a	6a
9	2	6b	6b
9	2	6c	6c
9	2	6d	6d
9	2	6e	6e
9	2	6f	6f
9	2	70	70
9	2	71	71
9	2	72	72
9	2	73	73
9	2	74	74
9	2	75	75
9	2	76	76
9	2	77	77
9	2	78	78
9	2	79	79
9	2	7a	7a
9	2	7b	7b
9	2	7c	7c
9	2	7d	7d
9	2	7e	7e
9
10	2	20	20
10	2	21	21
10	2	22	22
10	2	23	23
10	2	24	24
10	2	25	25
10	2	26	26
10	2	27	27
10	2	28	28
10	2	29	29
10	2	2a	2a
10	2	2b	2b
10	2	2c	2c
10	2	2d	2d
10	2	2e	2e
10	2	2f	2f
10	2	30	30
10	2	31	31
10	2	32	32
10	2	33	33
10	2	34	34
10	2	35	35
10	2	36	36
10	2	37	37
10	2	38	38
10	2	39	39
10	2	3a	3a
10	2	3b	3b
10	2	3c	3c
10	2	3d	3d
10	2	3e	3e
10	2	3f	3f
10	2	40	40
10	2	41	41
10	2	42	42
10	2	43	43
10	2	44	44
10	2	45	45
10	2	46	46
10	2	47	47
10	2	48	48
10	2	49	49
10	2	4a	4a
10	2	4b	4b
10	2	4c	4c
10	2	4d	4d
10	2	4e	4e
10	2	4f	4f
10	2	50	50
10	2	51	51
10	2	52	52
10	2	53	53
10	2	54	54
10	2	55	55
10	2	56	56
10	2	57	57
10	2	58	58
10	2	59	59
10	2	5a	5a
10	2	5b	5b
10	2	5c	5c
10	2	5d	5d
10	2	5e	5e
10	2	5f	5f
10	2	60	60
10	2	61	61
10	2	62	62
10	2	63	63
10	2	64	64
10	2	65	65
10	2	66	66
10	2	67	67
10	2	68	68
10	2	69	69
10	2	6a	6a
10	2	6b	6b
10	2	6c	6c
10	2	6d	6d
10	2	6e	6e
10	2	6f	6f
10	2	70	70
10	2	71	71
10	2	72	72
10	2	73	73
10	2	74	74
10	2	75	75
10	2	76	76
10	2	77	77
10	2	78	78
10	2	79	79
10	2	7a	7a
10	2	7b	7b
10	2	7c	7c
10	2	7d	7d
10	2	7e	7e
10
11	2	20	20
11	2	21	21
11	2	22	22
11	2	23	23
11	2	24	24
11	2	25	25
11	2	26	26
11	2	27	27
11	2	28	28
11	2	29	29
11	2	2a	2a
11	2	2b	2b
11	2	2c	2c
11	2	2d	2d
11	2	2e	2e
11	2	2f	2f
11	2	30	30
11	2	31	31
11	2	32	32
11	2	33	33
11	2	34	34
11	2	35	35
11	2	36	36
11	2	37	37
11	2	38	38
11	2	39	39
11	2	3a	3a
11	2	3b	3b
11	2	3c	3c
11	2	3d	3d
11	2	3e	3e
11	2	3f	3f
11	2	40	40
11	2	41	41
11	2	42	42
11	2	43	43
11	2	44	44
11	2	45	45
11	2	46	46
11	2	47	47
11	2	48	48
11	2	49	49
11	2	4a	4a
11	2	4b	4b
11	2	4c	4c
11	2	4d	4d
11	2	4e	4e
11	2	4f	4f
11	2	50	50
11	2	51	51
11	2	52	52
11	2	53	53
11	2	54	54
11	2	55	55
11	2	56	56
11	2	57	57
11	2	58	58
11	2	59	59
11	2	5a	5a
11	10	5b	5b
11	2	5c	5c
11	10	5d	5d
11	2	5e	5e
11	2	5f	5f
11	2	60	60
11	2	61	61
11	2	62	62
11	2	63	63
11	2	64	64
11	2	65	65
11	2	66	66
11	2	67	67
11	2	68	68
11	2	69	69
11	2	6a	6a
11	2	6b	6b
11	2	6c	6c
11	2	6d	6d
11	2	6e	6e
11	2	6f	6f
11	2	70	70
11	2	71	71
11	2	72	72
11	2	73	73
11	2	74	74
11	2	75	75
11	2	76	76
11	2	77	77
11	2	78	78
11	2	79	79
11	2	7a	7a
11	2	7b	7b
11	2	7c	7c
11	2	7d	7d
11	2	7e	7e
11
