41	0	0	0
41	0	1	1
41	0	2	2
41	0	3	3
41	0	4	4
41	0	5	5
41	0	6	6
41	0	7	7
41	0	8	8
41	0	9	9
41	0	10	10
41	0	11	11
41	0	12	12
41	0	13	13
41	0	14	14
41	0	15	15
41	0	16	16
41	0	17	17
41	0	18	18
41	0	19	19
41	0	20	20
41	0	21	21
41	0	22	22
41	0	23	23
41	0	24	24
41	0	25	25
41	0	26	26
41	0	27	27
41	0	28	28
41	0	29	29
41	0	30	30
41	0	31	31
41	0	32	32
41	0	33	33
41	0	34	34
41	0	35	35
41	0	36	36
41	0	37	37
41	0	38	38
41	0	39	39
41	0	40	40
41	0	41	41
41	0	42	42
41	0	43	43
41	0	44	44
41	0	45	45
41	0	46	46
41	0	47	47
41	0	48	48
41	0	49	49
41	0	50	50
41	0	51	51
41	0	52	52
41	0	53	53
41	0	54	54
41	0	55	55
41	0	56	56
41	0	57	57
41	0	58	58
41	0	59	59
41	0	60	60
41	0	61	61
41	0	62	62
41	0	63	63
41	0	64	64
41	0	65	65
41	0	66	66
41	0	67	67
41	0	68	68
41	0	69	69
41	0	70	70
41	0	71	71
41	0	72	72
41	0	73	73
41	0	74	74
41	0	75	75
41	0	76	76
41	0	77	77
41	0	78	78
41	0	79	79
41	0	80	80
41	0	81	81
41	0	82	82
41	0	83	83
41	0	84	84
41	0	85	85
41	0	86	86
41	0	87	87
41	0	88	88
41	0	89	89
41	0	90	90
41	0	91	91
41	0	92	92
41	0	93	93
41	0	94	94
41	0	95	95
41	0	96	96
41	0	97	97
41	0	98	98
41	0	99	99
41	0	100	100
41	0	101	101
41	0	102	102
41	0	103	103
41	0	104	104
41	0	105	105
41	0	106	106
41	0	107	107
41	0	108	108
41	0	109	109
41	0	110	110
41	0	111	111
41	0	112	112
41	0	113	113
41	0	114	114
41	0	115	115
41	0	116	116
41	0	117	117
41	0	118	118
41	0	119	119
41	0	120	120
41	0	121	121
41	0	122	122
41	0	123	123
41	0	124	124
41	0	125	125
41	0	126	126
40	3	0	0
40	0	1	1
40	0	2	2
40	0	3	3
40	0	4	4
40	0	5	5
40	0	6	6
40	0	7	7
40	0	8	8
40	0	9	9
40	0	10	10
40	0	11	11
40	0	12	12
40	0	13	13
40	0	14	14
40	0	15	15
40	0	16	16
40	0	17	17
40	0	18	18
40	0	19	19
40	0	20	20
40	0	21	21
40	0	22	22
40	0	23	23
40	0	24	24
40	0	25	25
40	0	26	26
40	0	27	27
40	0	28	28
40	0	29	29
40	0	30	30
40	0	31	31
40	0	32	32
40	40	33	33
40	15	34	34
40	40	35	35
40	40	36	36
40	40	37	37
40	40	38	38
40	40	39	39
40	0	40	40
40	0	41	41
40	40	42	42
40	40	43	43
40	20	44	44
40	40	45	45
40	36	46	46
40	40	47	47
40	40	48	48
40	40	49	49
40	40	50	50
40	40	51	51
40	40	52	52
40	40	53	53
40	40	54	54
40	40	55	55
40	40	56	56
40	40	57	57
40	22	58	58
40	0	59	59
40	0	60	60
40	40	61	61
40	0	62	62
40	40	63	63
40	11	64	64
40	40	65	65
40	40	66	66
40	40	67	67
40	40	68	68
40	40	69	69
40	40	70	70
40	40	71	71
40	40	72	72
40	40	73	73
40	40	74	74
40	40	75	75
40	40	76	76
40	40	77	77
40	40	78	78
40	40	79	79
40	40	80	80
40	40	81	81
40	40	82	82
40	40	83	83
40	40	84	84
40	40	85	85
40	40	86	86
40	40	87	87
40	40	88	88
40	40	89	89
40	40	90	90
40	0	91	91
40	0	92	92
40	0	93	93
40	40	94	94
40	40	95	95
40	40	96	96
40	40	97	97
40	40	98	98
40	40	99	99
40	40	100	100
40	40	101	101
40	40	102	102
40	40	103	103
40	40	104	104
40	40	105	105
40	40	106	106
40	40	107	107
40	40	108	108
40	40	109	109
40	40	110	110
40	40	111	111
40	40	112	112
40	40	113	113
40	40	114	114
40	40	115	115
40	40	116	116
40	40	117	117
40	40	118	118
40	40	119	119
40	40	120	120
40	40	121	121
40	40	122	122
40	40	123	123
40	40	124	124
40	40	125	125
40	40	126	126
39	3	0	0
39	0	1	1
39	0	2	2
39	0	3	3
39	0	4	4
39	0	5	5
39	0	6	6
39	0	7	7
39	0	8	8
39	0	9	9
39	0	10	10
39	0	11	11
39	0	12	12
39	0	13	13
39	0	14	14
39	0	15	15
39	0	16	16
39	0	17	17
39	0	18	18
39	0	19	19
39	0	20	20
39	0	21	21
39	0	22	22
39	0	23	23
39	0	24	24
39	0	25	25
39	0	26	26
39	0	27	27
39	0	28	28
39	0	29	29
39	0	30	30
39	0	31	31
39	0	32	32
39	39	33	33
39	15	34	34
39	39	35	35
39	39	36	36
39	39	37	37
39	39	38	38
39	39	39	39
39	0	40	40
39	0	41	41
39	39	42	42
39	39	43	43
39	20	44	44
39	39	45	45
39	36	46	46
39	39	47	47
39	39	48	48
39	39	49	49
39	39	50	50
39	39	51	51
39	39	52	52
39	39	53	53
39	39	54	54
39	39	55	55
39	39	56	56
39	39	57	57
39	22	58	58
39	0	59	59
39	0	60	60
39	39	61	61
39	0	62	62
39	39	63	63
39	11	64	64
39	39	65	65
39	39	66	66
39	39	67	67
39	39	68	68
39	39	69	69
39	39	70	70
39	39	71	71
39	39	72	72
39	39	73	73
39	39	74	74
39	39	75	75
39	39	76	76
39	39	77	77
39	39	78	78
39	39	79	79
39	39	80	80
39	39	81	81
39	39	82	82
39	39	83	83
39	39	84	84
39	39	85	85
39	39	86	86
39	39	87	87
39	39	88	88
39	39	89	89
39	39	90	90
39	0	91	91
39	0	92	92
39	0	93	93
39	39	94	94
39	39	95	95
39	39	96	96
39	39	97	97
39	39	98	98
39	39	99	99
39	39	100	100
39	39	101	101
39	39	102	102
39	39	103	103
39	39	104	104
39	39	105	105
39	39	106	106
39	39	107	107
39	39	108	108
39	39	109	109
39	39	110	110
39	39	111	111
39	39	112	112
39	39	113	113
39	39	114	114
39	39	115	115
39	39	116	116
39	39	117	117
39	39	118	118
39	39	119	119
39	39	120	120
39	39	121	121
39	39	122	122
39	39	123	123
39	39	124	124
39	39	125	125
39	39	126	126
38	3	0	0
38	0	1	1
38	0	2	2
38	0	3	3
38	0	4	4
38	0	5	5
38	0	6	6
38	0	7	7
38	0	8	8
38	0	9	9
38	0	10	10
38	0	11	11
38	0	12	12
38	0	13	13
38	0	14	14
38	0	15	15
38	0	16	16
38	0	17	17
38	0	18	18
38	0	19	19
38	0	20	20
38	0	21	21
38	0	22	22
38	0	23	23
38	0	24	24
38	0	25	25
38	0	26	26
38	0	27	27
38	0	28	28
38	0	29	29
38	0	30	30
38	0	31	31
38	0	32	32
38	40	33	33
38	15	34	34
38	40	35	35
38	40	36	36
38	40	37	37
38	40	38	38
38	40	39	39
38	0	40	40
38	0	41	41
38	40	42	42
38	40	43	43
38	20	44	44
38	40	45	45
38	36	46	46
38	40	47	47
38	40	48	48
38	40	49	49
38	40	50	50
38	40	51	51
38	40	52	52
38	40	53	53
38	40	54	54
38	40	55	55
38	40	56	56
38	40	57	57
38	22	58	58
38	0	59	59
38	0	60	60
38	40	61	61
38	0	62	62
38	40	63	63
38	11	64	64
38	40	65	65
38	40	66	66
38	40	67	67
38	40	68	68
38	40	69	69
38	40	70	70
38	40	71	71
38	40	72	72
38	40	73	73
38	40	74	74
38	40	75	75
38	40	76	76
38	40	77	77
38	40	78	78
38	40	79	79
38	40	80	80
38	40	81	81
38	40	82	82
38	40	83	83
38	40	84	84
38	40	85	85
38	40	86	86
38	40	87	87
38	40	88	88
38	40	89	89
38	40	90	90
38	0	91	91
38	0	92	92
38	0	93	93
38	40	94	94
38	40	95	95
38	40	96	96
38	40	97	97
38	40	98	98
38	40	99	99
38	40	100	100
38	40	101	101
38	40	102	102
38	40	103	103
38	40	104	104
38	40	105	105
38	40	106	106
38	40	107	107
38	40	108	108
38	40	109	109
38	40	110	110
38	40	111	111
38	40	112	112
38	40	113	113
38	40	114	114
38	40	115	115
38	40	116	116
38	40	117	117
38	40	118	118
38	40	119	119
38	40	120	120
38	40	121	121
38	40	122	122
38	40	123	123
38	40	124	124
38	40	125	125
38	40	126	126
37	3	0	0
37	0	1	1
37	0	2	2
37	0	3	3
37	0	4	4
37	0	5	5
37	0	6	6
37	0	7	7
37	0	8	8
37	0	9	9
37	0	10	10
37	0	11	11
37	0	12	12
37	0	13	13
37	0	14	14
37	0	15	15
37	0	16	16
37	0	17	17
37	0	18	18
37	0	19	19
37	0	20	20
37	0	21	21
37	0	22	22
37	0	23	23
37	0	24	24
37	0	25	25
37	0	26	26
37	0	27	27
37	0	28	28
37	0	29	29
37	0	30	30
37	0	31	31
37	0	32	32
37	39	33	33
37	15	34	34
37	39	35	35
37	39	36	36
37	39	37	37
37	39	38	38
37	39	39	39
37	0	40	40
37	0	41	41
37	39	42	42
37	39	43	43
37	20	44	44
37	39	45	45
37	35	46	46
37	39	47	47
37	39	48	48
37	39	49	49
37	39	50	50
37	39	51	51
37	39	52	52
37	39	53	53
37	39	54	54
37	39	55	55
37	39	56	56
37	39	57	57
37	22	58	58
37	0	59	59
37	0	60	60
37	39	61	61
37	0	62	62
37	39	63	63
37	0	64	64
37	39	65	65
37	39	66	66
37	39	67	67
37	39	68	68
37	39	69	69
37	39	70	70
37	39	71	71
37	39	72	72
37	39	73	73
37	39	74	74
37	39	75	75
37	39	76	76
37	39	77	77
37	39	78	78
37	39	79	79
37	39	80	80
37	39	81	81
37	39	82	82
37	39	83	83
37	39	84	84
37	39	85	85
37	39	86	86
37	39	87	87
37	39	88	88
37	39	89	89
37	39	90	90
37	0	91	91
37	0	92	92
37	0	93	93
37	39	94	94
37	39	95	95
37	39	96	96
37	39	97	97
37	39	98	98
37	39	99	99
37	39	100	100
37	39	101	101
37	39	102	102
37	39	103	103
37	39	104	104
37	39	105	105
37	39	106	106
37	39	107	107
37	39	108	108
37	39	109	109
37	39	110	110
37	39	111	111
37	39	112	112
37	39	113	113
37	39	114	114
37	39	115	115
37	39	116	116
37	39	117	117
37	39	118	118
37	39	119	119
37	39	120	120
37	39	121	121
37	39	122	122
37	39	123	123
37	39	124	124
37	39	125	125
37	39	126	126
36	3	0	0
36	0	1	1
36	0	2	2
36	0	3	3
36	0	4	4
36	0	5	5
36	0	6	6
36	0	7	7
36	0	8	8
36	0	9	9
36	0	10	10
36	0	11	11
36	0	12	12
36	0	13	13
36	0	14	14
36	0	15	15
36	0	16	16
36	0	17	17
36	0	18	18
36	0	19	19
36	0	20	20
36	0	21	21
36	0	22	22
36	0	23	23
36	0	24	24
36	0	25	25
36	0	26	26
36	0	27	27
36	0	28	28
36	0	29	29
36	0	30	30
36	0	31	31
36	0	32	32
36	17	33	33
36	0	34	34
36	17	35	35
36	17	36	36
36	17	37	37
36	17	38	38
36	17	39	39
36	0	40	40
36	0	41	41
36	17	42	42
36	17	43	43
36	0	44	44
36	17	45	45
36	0	46	46
36	17	47	47
36	17	48	48
36	17	49	49
36	17	50	50
36	17	51	51
36	17	52	52
36	17	53	53
36	17	54	54
36	17	55	55
36	17	56	56
36	17	57	57
36	0	58	58
36	0	59	59
36	0	60	60
36	17	61	61
36	0	62	62
36	17	63	63
36	0	64	64
36	38	65	65
36	38	66	66
36	38	67	67
36	38	68	68
36	38	69	69
36	38	70	70
36	38	71	71
36	38	72	72
36	38	73	73
36	38	74	74
36	38	75	75
36	38	76	76
36	38	77	77
36	38	78	78
36	38	79	79
36	38	80	80
36	38	81	81
36	38	82	82
36	38	83	83
36	38	84	84
36	38	85	85
36	38	86	86
36	38	87	87
36	38	88	88
36	38	89	89
36	38	90	90
36	0	91	91
36	0	92	92
36	0	93	93
36	17	94	94
36	17	95	95
36	17	96	96
36	38	97	97
36	38	98	98
36	38	99	99
36	38	100	100
36	38	101	101
36	38	102	102
36	38	103	103
36	38	104	104
36	38	105	105
36	38	106	106
36	38	107	107
36	38	108	108
36	38	109	109
36	38	110	110
36	38	111	111
36	38	112	112
36	38	113	113
36	38	114	114
36	38	115	115
36	38	116	116
36	38	117	117
36	38	118	118
36	38	119	119
36	38	120	120
36	38	121	121
36	38	122	122
36	17	123	123
36	17	124	124
36	17	125	125
36	17	126	126
35	3	0	0
35	0	1	1
35	0	2	2
35	0	3	3
35	0	4	4
35	0	5	5
35	0	6	6
35	0	7	7
35	0	8	8
35	0	9	9
35	0	10	10
35	0	11	11
35	0	12	12
35	0	13	13
35	0	14	14
35	0	15	15
35	0	16	16
35	0	17	17
35	0	18	18
35	0	19	19
35	0	20	20
35	0	21	21
35	0	22	22
35	0	23	23
35	0	24	24
35	0	25	25
35	0	26	26
35	0	27	27
35	0	28	28
35	0	29	29
35	0	30	30
35	0	31	31
35	0	32	32
35	0	33	33
35	0	34	34
35	0	35	35
35	0	36	36
35	0	37	37
35	0	38	38
35	0	39	39
35	0	40	40
35	0	41	41
35	0	42	42
35	0	43	43
35	0	44	44
35	0	45	45
35	0	46	46
35	0	47	47
35	0	48	48
35	0	49	49
35	0	50	50
35	0	51	51
35	0	52	52
35	0	53	53
35	0	54	54
35	0	55	55
35	0	56	56
35	0	57	57
35	0	58	58
35	0	59	59
35	0	60	60
35	0	61	61
35	0	62	62
35	0	63	63
35	0	64	64
35	37	65	65
35	37	66	66
35	37	67	67
35	37	68	68
35	37	69	69
35	37	70	70
35	37	71	71
35	37	72	72
35	37	73	73
35	37	74	74
35	37	75	75
35	37	76	76
35	37	77	77
35	37	78	78
35	37	79	79
35	37	80	80
35	37	81	81
35	37	82	82
35	37	83	83
35	37	84	84
35	37	85	85
35	37	86	86
35	37	87	87
35	37	88	88
35	37	89	89
35	37	90	90
35	0	91	91
35	0	92	92
35	0	93	93
35	0	94	94
35	0	95	95
35	0	96	96
35	37	97	97
35	37	98	98
35	37	99	99
35	37	100	100
35	37	101	101
35	37	102	102
35	37	103	103
35	37	104	104
35	37	105	105
35	37	106	106
35	37	107	107
35	37	108	108
35	37	109	109
35	37	110	110
35	37	111	111
35	37	112	112
35	37	113	113
35	37	114	114
35	37	115	115
35	37	116	116
35	37	117	117
35	37	118	118
35	37	119	119
35	37	120	120
35	37	121	121
35	37	122	122
35	0	123	123
35	0	124	124
35	0	125	125
35	0	126	126
34	3	0	0
34	0	1	1
34	0	2	2
34	0	3	3
34	0	4	4
34	0	5	5
34	0	6	6
34	0	7	7
34	0	8	8
34	0	9	9
34	0	10	10
34	0	11	11
34	0	12	12
34	0	13	13
34	0	14	14
34	0	15	15
34	0	16	16
34	0	17	17
34	0	18	18
34	0	19	19
34	0	20	20
34	0	21	21
34	0	22	22
34	0	23	23
34	0	24	24
34	0	25	25
34	0	26	26
34	0	27	27
34	0	28	28
34	0	29	29
34	0	30	30
34	0	31	31
34	0	32	32
34	34	33	33
34	15	34	34
34	34	35	35
34	34	36	36
34	34	37	37
34	34	38	38
34	34	39	39
34	0	40	40
34	0	41	41
34	34	42	42
34	34	43	43
34	20	44	44
34	34	45	45
34	36	46	46
34	34	47	47
34	34	48	48
34	34	49	49
34	34	50	50
34	34	51	51
34	34	52	52
34	34	53	53
34	34	54	54
34	34	55	55
34	34	56	56
34	34	57	57
34	22	58	58
34	0	59	59
34	0	60	60
34	34	61	61
34	0	62	62
34	34	63	63
34	11	64	64
34	34	65	65
34	34	66	66
34	34	67	67
34	34	68	68
34	34	69	69
34	34	70	70
34	34	71	71
34	34	72	72
34	34	73	73
34	34	74	74
34	34	75	75
34	34	76	76
34	34	77	77
34	34	78	78
34	34	79	79
34	34	80	80
34	34	81	81
34	34	82	82
34	34	83	83
34	34	84	84
34	34	85	85
34	34	86	86
34	34	87	87
34	34	88	88
34	34	89	89
34	34	90	90
34	0	91	91
34	0	92	92
34	0	93	93
34	34	94	94
34	34	95	95
34	34	96	96
34	34	97	97
34	34	98	98
34	34	99	99
34	34	100	100
34	34	101	101
34	34	102	102
34	34	103	103
34	34	104	104
34	34	105	105
34	34	106	106
34	34	107	107
34	34	108	108
34	34	109	109
34	34	110	110
34	34	111	111
34	34	112	112
34	34	113	113
34	34	114	114
34	34	115	115
34	34	116	116
34	34	117	117
34	34	118	118
34	34	119	119
34	34	120	120
34	34	121	121
34	34	122	122
34	34	123	123
34	34	124	124
34	34	125	125
34	34	126	126
33	3	0	0
33	0	1	1
33	0	2	2
33	0	3	3
33	0	4	4
33	0	5	5
33	0	6	6
33	0	7	7
33	0	8	8
33	0	9	9
33	0	10	10
33	0	11	11
33	0	12	12
33	0	13	13
33	0	14	14
33	0	15	15
33	0	16	16
33	0	17	17
33	0	18	18
33	0	19	19
33	0	20	20
33	0	21	21
33	0	22	22
33	0	23	23
33	0	24	24
33	0	25	25
33	0	26	26
33	0	27	27
33	0	28	28
33	0	29	29
33	0	30	30
33	0	31	31
33	0	32	32
33	33	33	33
33	15	34	34
33	33	35	35
33	33	36	36
33	33	37	37
33	33	38	38
33	33	39	39
33	0	40	40
33	0	41	41
33	33	42	42
33	33	43	43
33	20	44	44
33	33	45	45
33	25	46	46
33	33	47	47
33	33	48	48
33	33	49	49
33	33	50	50
33	33	51	51
33	33	52	52
33	33	53	53
33	33	54	54
33	33	55	55
33	33	56	56
33	33	57	57
33	22	58	58
33	0	59	59
33	0	60	60
33	33	61	61
33	0	62	62
33	33	63	63
33	11	64	64
33	33	65	65
33	33	66	66
33	33	67	67
33	33	68	68
33	33	69	69
33	33	70	70
33	33	71	71
33	33	72	72
33	33	73	73
33	33	74	74
33	33	75	75
33	33	76	76
33	33	77	77
33	33	78	78
33	33	79	79
33	33	80	80
33	33	81	81
33	33	82	82
33	33	83	83
33	33	84	84
33	33	85	85
33	33	86	86
33	33	87	87
33	33	88	88
33	33	89	89
33	33	90	90
33	0	91	91
33	0	92	92
33	0	93	93
33	33	94	94
33	33	95	95
33	33	96	96
33	33	97	97
33	33	98	98
33	33	99	99
33	33	100	100
33	33	101	101
33	33	102	102
33	33	103	103
33	33	104	104
33	33	105	105
33	33	106	106
33	33	107	107
33	33	108	108
33	33	109	109
33	33	110	110
33	33	111	111
33	33	112	112
33	33	113	113
33	33	114	114
33	33	115	115
33	33	116	116
33	33	117	117
33	33	118	118
33	33	119	119
33	33	120	120
33	33	121	121
33	33	122	122
33	33	123	123
33	33	124	124
33	33	125	125
33	33	126	126
32	3	0	0
32	32	33	33
32	32	35	35
32	32	36	36
32	32	37	37
32	32	38	38
32	32	39	39
32	32	42	42
32	32	43	43
32	32	45	45
32	24	46	46
32	32	47	47
32	32	48	48
32	32	49	49
32	32	50	50
32	32	51	51
32	32	52	52
32	32	53	53
32	32	54	54
32	32	55	55
32	32	56	56
32	32	57	57
32	32	61	61
32	32	63	63
32	32	65	65
32	32	66	66
32	32	67	67
32	32	68	68
32	32	69	69
32	32	70	70
32	32	71	71
32	32	72	72
32	32	73	73
32	32	74	74
32	32	75	75
32	32	76	76
32	32	77	77
32	32	78	78
32	32	79	79
32	32	80	80
32	32	81	81
32	32	82	82
32	32	83	83
32	32	84	84
32	32	85	85
32	32	86	86
32	32	87	87
32	32	88	88
32	32	89	89
32	32	90	90
32	32	94	94
32	32	95	95
32	32	96	96
32	32	97	97
32	32	98	98
32	32	99	99
32	32	100	100
32	32	101	101
32	32	102	102
32	32	103	103
32	32	104	104
32	32	105	105
32	32	106	106
32	32	107	107
32	32	108	108
32	32	109	109
32	32	110	110
32	32	111	111
32	32	112	112
32	32	113	113
32	32	114	114
32	32	115	115
32	32	116	116
32	32	117	117
32	32	118	118
32	32	119	119
32	32	120	120
32	32	121	121
32	32	122	122
32	32	123	123
32	32	124	124
32	32	125	125
32	32	126	126
32
31	3	0	0
31	0	1	1
31	0	2	2
31	0	3	3
31	0	4	4
31	0	5	5
31	0	6	6
31	0	7	7
31	0	8	8
31	0	9	9
31	0	10	10
31	0	11	11
31	0	12	12
31	0	13	13
31	0	14	14
31	0	15	15
31	0	16	16
31	0	17	17
31	0	18	18
31	0	19	19
31	0	20	20
31	0	21	21
31	0	22	22
31	0	23	23
31	0	24	24
31	0	25	25
31	0	26	26
31	0	27	27
31	0	28	28
31	0	29	29
31	0	30	30
31	0	31	31
31	0	32	32
31	31	33	33
31	15	34	34
31	31	35	35
31	31	36	36
31	31	37	37
31	31	38	38
31	31	39	39
31	0	40	40
31	0	41	41
31	31	42	42
31	31	43	43
31	20	44	44
31	31	45	45
31	25	46	46
31	31	47	47
31	31	48	48
31	31	49	49
31	31	50	50
31	31	51	51
31	31	52	52
31	31	53	53
31	31	54	54
31	31	55	55
31	31	56	56
31	31	57	57
31	22	58	58
31	0	59	59
31	0	60	60
31	31	61	61
31	0	62	62
31	31	63	63
31	11	64	64
31	31	65	65
31	31	66	66
31	31	67	67
31	31	68	68
31	31	69	69
31	31	70	70
31	31	71	71
31	31	72	72
31	31	73	73
31	31	74	74
31	31	75	75
31	31	76	76
31	31	77	77
31	31	78	78
31	31	79	79
31	31	80	80
31	31	81	81
31	31	82	82
31	31	83	83
31	31	84	84
31	31	85	85
31	31	86	86
31	31	87	87
31	31	88	88
31	31	89	89
31	31	90	90
31	0	91	91
31	0	92	92
31	0	93	93
31	31	94	94
31	31	95	95
31	31	96	96
31	31	97	97
31	31	98	98
31	31	99	99
31	31	100	100
31	31	101	101
31	31	102	102
31	31	103	103
31	31	104	104
31	31	105	105
31	31	106	106
31	31	107	107
31	31	108	108
31	31	109	109
31	31	110	110
31	31	111	111
31	31	112	112
31	31	113	113
31	31	114	114
31	31	115	115
31	31	116	116
31	31	117	117
31	31	118	118
31	31	119	119
31	31	120	120
31	31	121	121
31	31	122	122
31	31	123	123
31	31	124	124
31	31	125	125
31	31	126	126
30	3	0	0
30	0	1	1
30	0	2	2
30	0	3	3
30	0	4	4
30	0	5	5
30	0	6	6
30	0	7	7
30	0	8	8
30	0	9	9
30	0	10	10
30	0	11	11
30	0	12	12
30	0	13	13
30	0	14	14
30	0	15	15
30	0	16	16
30	0	17	17
30	0	18	18
30	0	19	19
30	0	20	20
30	0	21	21
30	0	22	22
30	0	23	23
30	0	24	24
30	0	25	25
30	0	26	26
30	0	27	27
30	0	28	28
30	0	29	29
30	0	30	30
30	0	31	31
30	0	32	32
30	34	33	33
30	15	34	34
30	34	35	35
30	34	36	36
30	34	37	37
30	34	38	38
30	34	39	39
30	0	40	40
30	0	41	41
30	34	42	42
30	34	43	43
30	20	44	44
30	34	45	45
30	35	46	46
30	34	47	47
30	34	48	48
30	34	49	49
30	34	50	50
30	34	51	51
30	34	52	52
30	34	53	53
30	34	54	54
30	34	55	55
30	34	56	56
30	34	57	57
30	22	58	58
30	0	59	59
30	0	60	60
30	34	61	61
30	0	62	62
30	34	63	63
30	0	64	64
30	34	65	65
30	34	66	66
30	34	67	67
30	34	68	68
30	34	69	69
30	34	70	70
30	34	71	71
30	34	72	72
30	34	73	73
30	34	74	74
30	34	75	75
30	34	76	76
30	34	77	77
30	34	78	78
30	34	79	79
30	34	80	80
30	34	81	81
30	34	82	82
30	34	83	83
30	34	84	84
30	34	85	85
30	34	86	86
30	34	87	87
30	34	88	88
30	34	89	89
30	34	90	90
30	0	91	91
30	0	92	92
30	0	93	93
30	34	94	94
30	34	95	95
30	34	96	96
30	34	97	97
30	34	98	98
30	34	99	99
30	34	100	100
30	34	101	101
30	34	102	102
30	34	103	103
30	34	104	104
30	34	105	105
30	34	106	106
30	34	107	107
30	34	108	108
30	34	109	109
30	34	110	110
30	34	111	111
30	34	112	112
30	34	113	113
30	34	114	114
30	34	115	115
30	34	116	116
30	34	117	117
30	34	118	118
30	34	119	119
30	34	120	120
30	34	121	121
30	34	122	122
30	34	123	123
30	34	124	124
30	34	125	125
30	34	126	126
29	3	0	0
29	0	1	1
29	0	2	2
29	0	3	3
29	0	4	4
29	0	5	5
29	0	6	6
29	0	7	7
29	0	8	8
29	0	9	9
29	0	10	10
29	0	11	11
29	0	12	12
29	0	13	13
29	0	14	14
29	0	15	15
29	0	16	16
29	0	17	17
29	0	18	18
29	0	19	19
29	0	20	20
29	0	21	21
29	0	22	22
29	0	23	23
29	0	24	24
29	0	25	25
29	0	26	26
29	0	27	27
29	0	28	28
29	0	29	29
29	0	30	30
29	0	31	31
29	0	32	32
29	33	33	33
29	15	34	34
29	33	35	35
29	33	36	36
29	33	37	37
29	33	38	38
29	33	39	39
29	0	40	40
29	0	41	41
29	33	42	42
29	33	43	43
29	20	44	44
29	33	45	45
29	25	46	46
29	33	47	47
29	33	48	48
29	33	49	49
29	33	50	50
29	33	51	51
29	33	52	52
29	33	53	53
29	33	54	54
29	33	55	55
29	33	56	56
29	33	57	57
29	22	58	58
29	0	59	59
29	0	60	60
29	33	61	61
29	0	62	62
29	33	63	63
29	11	64	64
29	33	65	65
29	33	66	66
29	33	67	67
29	33	68	68
29	33	69	69
29	33	70	70
29	33	71	71
29	33	72	72
29	33	73	73
29	33	74	74
29	33	75	75
29	33	76	76
29	33	77	77
29	33	78	78
29	33	79	79
29	33	80	80
29	33	81	81
29	33	82	82
29	33	83	83
29	33	84	84
29	33	85	85
29	33	86	86
29	33	87	87
29	33	88	88
29	33	89	89
29	33	90	90
29	0	91	91
29	0	92	92
29	0	93	93
29	33	94	94
29	33	95	95
29	33	96	96
29	33	97	97
29	33	98	98
29	33	99	99
29	33	100	100
29	33	101	101
29	33	102	102
29	33	103	103
29	33	104	104
29	33	105	105
29	33	106	106
29	33	107	107
29	33	108	108
29	33	109	109
29	33	110	110
29	33	111	111
29	33	112	112
29	33	113	113
29	33	114	114
29	33	115	115
29	33	116	116
29	33	117	117
29	33	118	118
29	33	119	119
29	33	120	120
29	33	121	121
29	33	122	122
29	33	123	123
29	33	124	124
29	33	125	125
29	33	126	126
28	3	0	0
28	32	33	33
28	32	35	35
28	32	36	36
28	32	37	37
28	32	38	38
28	32	39	39
28	32	42	42
28	32	43	43
28	32	45	45
28	24	46	46
28	32	47	47
28	32	48	48
28	32	49	49
28	32	50	50
28	32	51	51
28	32	52	52
28	32	53	53
28	32	54	54
28	32	55	55
28	32	56	56
28	32	57	57
28	32	61	61
28	32	63	63
28	32	65	65
28	32	66	66
28	32	67	67
28	32	68	68
28	32	69	69
28	32	70	70
28	32	71	71
28	32	72	72
28	32	73	73
28	32	74	74
28	32	75	75
28	32	76	76
28	32	77	77
28	32	78	78
28	32	79	79
28	32	80	80
28	32	81	81
28	32	82	82
28	32	83	83
28	32	84	84
28	32	85	85
28	32	86	86
28	32	87	87
28	32	88	88
28	32	89	89
28	32	90	90
28	32	94	94
28	32	95	95
28	32	96	96
28	32	97	97
28	32	98	98
28	32	99	99
28	32	100	100
28	32	101	101
28	32	102	102
28	32	103	103
28	32	104	104
28	32	105	105
28	32	106	106
28	32	107	107
28	32	108	108
28	32	109	109
28	32	110	110
28	32	111	111
28	32	112	112
28	32	113	113
28	32	114	114
28	32	115	115
28	32	116	116
28	32	117	117
28	32	118	118
28	32	119	119
28	32	120	120
28	32	121	121
28	32	122	122
28	32	123	123
28	32	124	124
28	32	125	125
28	32	126	126
28
27	3	0	0
27	0	1	1
27	0	2	2
27	0	3	3
27	0	4	4
27	0	5	5
27	0	6	6
27	0	7	7
27	0	8	8
27	0	9	9
27	0	10	10
27	0	11	11
27	0	12	12
27	0	13	13
27	0	14	14
27	0	15	15
27	0	16	16
27	0	17	17
27	0	18	18
27	0	19	19
27	0	20	20
27	0	21	21
27	0	22	22
27	0	23	23
27	0	24	24
27	0	25	25
27	0	26	26
27	0	27	27
27	0	28	28
27	0	29	29
27	0	30	30
27	0	31	31
27	0	32	32
27	31	33	33
27	15	34	34
27	31	35	35
27	31	36	36
27	31	37	37
27	31	38	38
27	31	39	39
27	0	40	40
27	0	41	41
27	31	42	42
27	31	43	43
27	20	44	44
27	31	45	45
27	21	46	46
27	31	47	47
27	31	48	48
27	31	49	49
27	31	50	50
27	31	51	51
27	31	52	52
27	31	53	53
27	31	54	54
27	31	55	55
27	31	56	56
27	31	57	57
27	22	58	58
27	0	59	59
27	0	60	60
27	31	61	61
27	0	62	62
27	31	63	63
27	0	64	64
27	31	65	65
27	31	66	66
27	31	67	67
27	31	68	68
27	31	69	69
27	31	70	70
27	31	71	71
27	31	72	72
27	31	73	73
27	31	74	74
27	31	75	75
27	31	76	76
27	31	77	77
27	31	78	78
27	31	79	79
27	31	80	80
27	31	81	81
27	31	82	82
27	31	83	83
27	31	84	84
27	31	85	85
27	31	86	86
27	31	87	87
27	31	88	88
27	31	89	89
27	31	90	90
27	0	91	91
27	0	92	92
27	0	93	93
27	31	94	94
27	31	95	95
27	31	96	96
27	31	97	97
27	31	98	98
27	31	99	99
27	31	100	100
27	31	101	101
27	31	102	102
27	31	103	103
27	31	104	104
27	31	105	105
27	31	106	106
27	31	107	107
27	31	108	108
27	31	109	109
27	31	110	110
27	31	111	111
27	31	112	112
27	31	113	113
27	31	114	114
27	31	115	115
27	31	116	116
27	31	117	117
27	31	118	118
27	31	119	119
27	31	120	120
27	31	121	121
27	31	122	122
27	31	123	123
27	31	124	124
27	31	125	125
27	31	126	126
26	3	0	0
26	0	1	1
26	0	2	2
26	0	3	3
26	0	4	4
26	0	5	5
26	0	6	6
26	0	7	7
26	0	8	8
26	0	9	9
26	0	10	10
26	0	11	11
26	0	12	12
26	0	13	13
26	0	14	14
26	0	15	15
26	0	16	16
26	0	17	17
26	0	18	18
26	0	19	19
26	0	20	20
26	0	21	21
26	0	22	22
26	0	23	23
26	0	24	24
26	0	25	25
26	0	26	26
26	0	27	27
26	0	28	28
26	0	29	29
26	0	30	30
26	0	31	31
26	0	32	32
26	0	33	33
26	0	34	34
26	0	35	35
26	0	36	36
26	0	37	37
26	0	38	38
26	0	39	39
26	0	40	40
26	0	41	41
26	0	42	42
26	0	43	43
26	0	44	44
26	0	45	45
26	0	46	46
26	0	47	47
26	0	48	48
26	0	49	49
26	0	50	50
26	0	51	51
26	0	52	52
26	0	53	53
26	0	54	54
26	0	55	55
26	0	56	56
26	0	57	57
26	0	58	58
26	0	59	59
26	0	60	60
26	0	61	61
26	0	62	62
26	0	63	63
26	0	64	64
26	30	65	65
26	30	66	66
26	30	67	67
26	30	68	68
26	30	69	69
26	30	70	70
26	30	71	71
26	30	72	72
26	30	73	73
26	30	74	74
26	30	75	75
26	30	76	76
26	30	77	77
26	30	78	78
26	30	79	79
26	30	80	80
26	30	81	81
26	30	82	82
26	30	83	83
26	30	84	84
26	30	85	85
26	30	86	86
26	30	87	87
26	30	88	88
26	30	89	89
26	30	90	90
26	0	91	91
26	0	92	92
26	0	93	93
26	0	94	94
26	0	95	95
26	0	96	96
26	30	97	97
26	30	98	98
26	30	99	99
26	30	100	100
26	30	101	101
26	30	102	102
26	30	103	103
26	30	104	104
26	30	105	105
26	30	106	106
26	30	107	107
26	30	108	108
26	30	109	109
26	30	110	110
26	30	111	111
26	30	112	112
26	30	113	113
26	30	114	114
26	30	115	115
26	30	116	116
26	30	117	117
26	30	118	118
26	30	119	119
26	30	120	120
26	30	121	121
26	30	122	122
26	0	123	123
26	0	124	124
26	0	125	125
26	0	126	126
25	3	0	0
25	0	1	1
25	0	2	2
25	0	3	3
25	0	4	4
25	0	5	5
25	0	6	6
25	0	7	7
25	0	8	8
25	0	9	9
25	0	10	10
25	0	11	11
25	0	12	12
25	0	13	13
25	0	14	14
25	0	15	15
25	0	16	16
25	0	17	17
25	0	18	18
25	0	19	19
25	0	20	20
25	0	21	21
25	0	22	22
25	0	23	23
25	0	24	24
25	0	25	25
25	0	26	26
25	0	27	27
25	0	28	28
25	0	29	29
25	0	30	30
25	0	31	31
25	0	32	32
25	17	33	33
25	0	34	34
25	17	35	35
25	17	36	36
25	17	37	37
25	17	38	38
25	17	39	39
25	0	40	40
25	0	41	41
25	17	42	42
25	17	43	43
25	0	44	44
25	17	45	45
25	0	46	46
25	17	47	47
25	17	48	48
25	17	49	49
25	17	50	50
25	17	51	51
25	17	52	52
25	17	53	53
25	17	54	54
25	17	55	55
25	17	56	56
25	17	57	57
25	0	58	58
25	0	59	59
25	0	60	60
25	17	61	61
25	0	62	62
25	17	63	63
25	0	64	64
25	29	65	65
25	29	66	66
25	29	67	67
25	29	68	68
25	29	69	69
25	29	70	70
25	29	71	71
25	29	72	72
25	29	73	73
25	29	74	74
25	29	75	75
25	29	76	76
25	29	77	77
25	29	78	78
25	29	79	79
25	29	80	80
25	29	81	81
25	29	82	82
25	29	83	83
25	29	84	84
25	29	85	85
25	29	86	86
25	29	87	87
25	29	88	88
25	29	89	89
25	29	90	90
25	0	91	91
25	0	92	92
25	0	93	93
25	17	94	94
25	17	95	95
25	17	96	96
25	29	97	97
25	29	98	98
25	29	99	99
25	29	100	100
25	29	101	101
25	29	102	102
25	29	103	103
25	29	104	104
25	29	105	105
25	29	106	106
25	29	107	107
25	29	108	108
25	29	109	109
25	29	110	110
25	29	111	111
25	29	112	112
25	29	113	113
25	29	114	114
25	29	115	115
25	29	116	116
25	29	117	117
25	29	118	118
25	29	119	119
25	29	120	120
25	29	121	121
25	29	122	122
25	17	123	123
25	17	124	124
25	17	125	125
25	17	126	126
24	3	0	0
24	0	1	1
24	0	2	2
24	0	3	3
24	0	4	4
24	0	5	5
24	0	6	6
24	0	7	7
24	0	8	8
24	0	9	9
24	0	10	10
24	0	11	11
24	0	12	12
24	0	13	13
24	0	14	14
24	0	15	15
24	0	16	16
24	0	17	17
24	0	18	18
24	0	19	19
24	0	20	20
24	0	21	21
24	0	22	22
24	0	23	23
24	0	24	24
24	0	25	25
24	0	26	26
24	0	27	27
24	0	28	28
24	0	29	29
24	0	30	30
24	0	31	31
24	0	32	32
24	0	33	33
24	0	34	34
24	0	35	35
24	0	36	36
24	0	37	37
24	0	38	38
24	0	39	39
24	0	40	40
24	0	41	41
24	0	42	42
24	0	43	43
24	0	44	44
24	0	45	45
24	0	46	46
24	0	47	47
24	0	48	48
24	0	49	49
24	0	50	50
24	0	51	51
24	0	52	52
24	0	53	53
24	0	54	54
24	0	55	55
24	0	56	56
24	0	57	57
24	0	58	58
24	0	59	59
24	0	60	60
24	0	61	61
24	0	62	62
24	0	63	63
24	0	64	64
24	28	65	65
24	28	66	66
24	28	67	67
24	28	68	68
24	28	69	69
24	28	70	70
24	28	71	71
24	28	72	72
24	28	73	73
24	28	74	74
24	28	75	75
24	28	76	76
24	28	77	77
24	28	78	78
24	28	79	79
24	28	80	80
24	28	81	81
24	28	82	82
24	28	83	83
24	28	84	84
24	28	85	85
24	28	86	86
24	28	87	87
24	28	88	88
24	28	89	89
24	28	90	90
24	0	91	91
24	0	92	92
24	0	93	93
24	0	94	94
24	0	95	95
24	0	96	96
24	28	97	97
24	28	98	98
24	28	99	99
24	28	100	100
24	28	101	101
24	28	102	102
24	28	103	103
24	28	104	104
24	28	105	105
24	28	106	106
24	28	107	107
24	28	108	108
24	28	109	109
24	28	110	110
24	28	111	111
24	28	112	112
24	28	113	113
24	28	114	114
24	28	115	115
24	28	116	116
24	28	117	117
24	28	118	118
24	28	119	119
24	28	120	120
24	28	121	121
24	28	122	122
24	0	123	123
24	0	124	124
24	0	125	125
24	0	126	126
23	3	0	0
23	23	33	33
23	23	35	35
23	23	36	36
23	23	37	37
23	23	38	38
23	23	39	39
23	23	42	42
23	23	43	43
23	23	45	45
23	24	46	46
23	23	47	47
23	23	48	48
23	23	49	49
23	23	50	50
23	23	51	51
23	23	52	52
23	23	53	53
23	23	54	54
23	23	55	55
23	23	56	56
23	23	57	57
23	23	61	61
23	23	63	63
23	23	65	65
23	23	66	66
23	23	67	67
23	23	68	68
23	23	69	69
23	23	70	70
23	23	71	71
23	23	72	72
23	23	73	73
23	23	74	74
23	23	75	75
23	23	76	76
23	23	77	77
23	23	78	78
23	23	79	79
23	23	80	80
23	23	81	81
23	23	82	82
23	23	83	83
23	23	84	84
23	23	85	85
23	23	86	86
23	23	87	87
23	23	88	88
23	23	89	89
23	23	90	90
23	23	94	94
23	23	95	95
23	23	96	96
23	23	97	97
23	23	98	98
23	23	99	99
23	23	100	100
23	23	101	101
23	23	102	102
23	23	103	103
23	23	104	104
23	23	105	105
23	23	106	106
23	23	107	107
23	23	108	108
23	23	109	109
23	23	110	110
23	23	111	111
23	23	112	112
23	23	113	113
23	23	114	114
23	23	115	115
23	23	116	116
23	23	117	117
23	23	118	118
23	23	119	119
23	23	120	120
23	23	121	121
23	23	122	122
23	23	123	123
23	23	124	124
23	23	125	125
23	23	126	126
23
22	3	0	0
22	0	1	1
22	0	2	2
22	0	3	3
22	0	4	4
22	0	5	5
22	0	6	6
22	0	7	7
22	0	8	8
22	0	9	9
22	0	10	10
22	0	11	11
22	0	12	12
22	0	13	13
22	0	14	14
22	0	15	15
22	0	16	16
22	0	17	17
22	0	18	18
22	0	19	19
22	0	20	20
22	0	21	21
22	0	22	22
22	0	23	23
22	0	24	24
22	0	25	25
22	0	26	26
22	0	27	27
22	0	28	28
22	0	29	29
22	0	30	30
22	0	31	31
22	0	32	32
22	9	33	33
22	15	34	34
22	9	35	35
22	9	36	36
22	9	37	37
22	9	38	38
22	9	39	39
22	0	40	40
22	0	41	41
22	9	42	42
22	9	43	43
22	0	44	44
22	9	45	45
22	0	46	46
22	9	47	47
22	9	48	48
22	9	49	49
22	9	50	50
22	9	51	51
22	9	52	52
22	9	53	53
22	9	54	54
22	9	55	55
22	9	56	56
22	9	57	57
22	0	58	58
22	0	59	59
22	0	60	60
22	9	61	61
22	0	62	62
22	9	63	63
22	0	64	64
22	9	65	65
22	9	66	66
22	9	67	67
22	9	68	68
22	9	69	69
22	9	70	70
22	9	71	71
22	9	72	72
22	9	73	73
22	9	74	74
22	9	75	75
22	9	76	76
22	9	77	77
22	9	78	78
22	9	79	79
22	9	80	80
22	9	81	81
22	9	82	82
22	9	83	83
22	9	84	84
22	9	85	85
22	9	86	86
22	9	87	87
22	9	88	88
22	9	89	89
22	9	90	90
22	0	91	91
22	0	92	92
22	0	93	93
22	9	94	94
22	9	95	95
22	9	96	96
22	9	97	97
22	9	98	98
22	9	99	99
22	9	100	100
22	9	101	101
22	9	102	102
22	9	103	103
22	9	104	104
22	9	105	105
22	9	106	106
22	9	107	107
22	9	108	108
22	9	109	109
22	9	110	110
22	9	111	111
22	9	112	112
22	9	113	113
22	9	114	114
22	9	115	115
22	9	116	116
22	9	117	117
22	9	118	118
22	9	119	119
22	9	120	120
22	9	121	121
22	9	122	122
22	9	123	123
22	9	124	124
22	9	125	125
22	9	126	126
21	3	0	0
21	0	1	1
21	0	2	2
21	0	3	3
21	0	4	4
21	0	5	5
21	0	6	6
21	0	7	7
21	0	8	8
21	0	9	9
21	0	10	10
21	0	11	11
21	0	12	12
21	0	13	13
21	0	14	14
21	0	15	15
21	0	16	16
21	0	17	17
21	0	18	18
21	0	19	19
21	0	20	20
21	0	21	21
21	0	22	22
21	0	23	23
21	0	24	24
21	0	25	25
21	0	26	26
21	0	27	27
21	0	28	28
21	0	29	29
21	0	30	30
21	0	31	31
21	0	32	32
21	0	33	33
21	0	34	34
21	0	35	35
21	0	36	36
21	0	37	37
21	0	38	38
21	0	39	39
21	0	40	40
21	0	41	41
21	0	42	42
21	0	43	43
21	0	44	44
21	0	45	45
21	0	46	46
21	0	47	47
21	0	48	48
21	0	49	49
21	0	50	50
21	0	51	51
21	0	52	52
21	0	53	53
21	0	54	54
21	0	55	55
21	0	56	56
21	0	57	57
21	0	58	58
21	0	59	59
21	0	60	60
21	0	61	61
21	0	62	62
21	0	63	63
21	0	64	64
21	27	65	65
21	27	66	66
21	27	67	67
21	27	68	68
21	27	69	69
21	27	70	70
21	27	71	71
21	27	72	72
21	27	73	73
21	27	74	74
21	27	75	75
21	27	76	76
21	27	77	77
21	27	78	78
21	27	79	79
21	27	80	80
21	27	81	81
21	27	82	82
21	27	83	83
21	27	84	84
21	27	85	85
21	27	86	86
21	27	87	87
21	27	88	88
21	27	89	89
21	27	90	90
21	0	91	91
21	0	92	92
21	0	93	93
21	0	94	94
21	0	95	95
21	0	96	96
21	27	97	97
21	27	98	98
21	27	99	99
21	27	100	100
21	27	101	101
21	27	102	102
21	27	103	103
21	27	104	104
21	27	105	105
21	27	106	106
21	27	107	107
21	27	108	108
21	27	109	109
21	27	110	110
21	27	111	111
21	27	112	112
21	27	113	113
21	27	114	114
21	27	115	115
21	27	116	116
21	27	117	117
21	27	118	118
21	27	119	119
21	27	120	120
21	27	121	121
21	27	122	122
21	0	123	123
21	0	124	124
21	0	125	125
21	0	126	126
20	3	0	0
20	0	1	1
20	0	2	2
20	0	3	3
20	0	4	4
20	0	5	5
20	0	6	6
20	0	7	7
20	0	8	8
20	0	9	9
20	0	10	10
20	0	11	11
20	0	12	12
20	0	13	13
20	0	14	14
20	0	15	15
20	0	16	16
20	0	17	17
20	0	18	18
20	0	19	19
20	0	20	20
20	0	21	21
20	0	22	22
20	0	23	23
20	0	24	24
20	0	25	25
20	0	26	26
20	0	27	27
20	0	28	28
20	0	29	29
20	0	30	30
20	0	31	31
20	0	32	32
20	0	33	33
20	0	34	34
20	0	35	35
20	0	36	36
20	0	37	37
20	0	38	38
20	0	39	39
20	0	40	40
20	0	41	41
20	0	42	42
20	0	43	43
20	0	44	44
20	0	45	45
20	0	46	46
20	0	47	47
20	0	48	48
20	0	49	49
20	0	50	50
20	0	51	51
20	0	52	52
20	0	53	53
20	0	54	54
20	0	55	55
20	0	56	56
20	0	57	57
20	0	58	58
20	0	59	59
20	0	60	60
20	0	61	61
20	0	62	62
20	0	63	63
20	26	64	64
20	0	65	65
20	0	66	66
20	0	67	67
20	0	68	68
20	0	69	69
20	0	70	70
20	0	71	71
20	0	72	72
20	0	73	73
20	0	74	74
20	0	75	75
20	0	76	76
20	0	77	77
20	0	78	78
20	0	79	79
20	0	80	80
20	0	81	81
20	0	82	82
20	0	83	83
20	0	84	84
20	0	85	85
20	0	86	86
20	0	87	87
20	0	88	88
20	0	89	89
20	0	90	90
20	0	91	91
20	0	92	92
20	0	93	93
20	0	94	94
20	0	95	95
20	0	96	96
20	0	97	97
20	0	98	98
20	0	99	99
20	0	100	100
20	0	101	101
20	0	102	102
20	0	103	103
20	0	104	104
20	0	105	105
20	0	106	106
20	0	107	107
20	0	108	108
20	0	109	109
20	0	110	110
20	0	111	111
20	0	112	112
20	0	113	113
20	0	114	114
20	0	115	115
20	0	116	116
20	0	117	117
20	0	118	118
20	0	119	119
20	0	120	120
20	0	121	121
20	0	122	122
20	0	123	123
20	0	124	124
20	0	125	125
20	0	126	126
19	3	0	0
19	0	1	1
19	0	2	2
19	0	3	3
19	0	4	4
19	0	5	5
19	0	6	6
19	0	7	7
19	0	8	8
19	0	9	9
19	0	10	10
19	0	11	11
19	0	12	12
19	0	13	13
19	0	14	14
19	0	15	15
19	0	16	16
19	0	17	17
19	0	18	18
19	0	19	19
19	0	20	20
19	0	21	21
19	0	22	22
19	0	23	23
19	0	24	24
19	0	25	25
19	0	26	26
19	0	27	27
19	0	28	28
19	0	29	29
19	0	30	30
19	0	31	31
19	0	32	32
19	19	33	33
19	15	34	34
19	19	35	35
19	19	36	36
19	19	37	37
19	19	38	38
19	19	39	39
19	0	40	40
19	0	41	41
19	19	42	42
19	19	43	43
19	20	44	44
19	19	45	45
19	25	46	46
19	19	47	47
19	19	48	48
19	19	49	49
19	19	50	50
19	19	51	51
19	19	52	52
19	19	53	53
19	19	54	54
19	19	55	55
19	19	56	56
19	19	57	57
19	22	58	58
19	0	59	59
19	0	60	60
19	19	61	61
19	0	62	62
19	19	63	63
19	11	64	64
19	19	65	65
19	19	66	66
19	19	67	67
19	19	68	68
19	19	69	69
19	19	70	70
19	19	71	71
19	19	72	72
19	19	73	73
19	19	74	74
19	19	75	75
19	19	76	76
19	19	77	77
19	19	78	78
19	19	79	79
19	19	80	80
19	19	81	81
19	19	82	82
19	19	83	83
19	19	84	84
19	19	85	85
19	19	86	86
19	19	87	87
19	19	88	88
19	19	89	89
19	19	90	90
19	0	91	91
19	0	92	92
19	0	93	93
19	19	94	94
19	19	95	95
19	19	96	96
19	19	97	97
19	19	98	98
19	19	99	99
19	19	100	100
19	19	101	101
19	19	102	102
19	19	103	103
19	19	104	104
19	19	105	105
19	19	106	106
19	19	107	107
19	19	108	108
19	19	109	109
19	19	110	110
19	19	111	111
19	19	112	112
19	19	113	113
19	19	114	114
19	19	115	115
19	19	116	116
19	19	117	117
19	19	118	118
19	19	119	119
19	19	120	120
19	19	121	121
19	19	122	122
19	19	123	123
19	19	124	124
19	19	125	125
19	19	126	126
18	3	0	0
18	23	33	33
18	23	35	35
18	23	36	36
18	23	37	37
18	23	38	38
18	23	39	39
18	23	42	42
18	23	43	43
18	23	45	45
18	24	46	46
18	23	47	47
18	23	48	48
18	23	49	49
18	23	50	50
18	23	51	51
18	23	52	52
18	23	53	53
18	23	54	54
18	23	55	55
18	23	56	56
18	23	57	57
18	23	61	61
18	23	63	63
18	23	65	65
18	23	66	66
18	23	67	67
18	23	68	68
18	23	69	69
18	23	70	70
18	23	71	71
18	23	72	72
18	23	73	73
18	23	74	74
18	23	75	75
18	23	76	76
18	23	77	77
18	23	78	78
18	23	79	79
18	23	80	80
18	23	81	81
18	23	82	82
18	23	83	83
18	23	84	84
18	23	85	85
18	23	86	86
18	23	87	87
18	23	88	88
18	23	89	89
18	23	90	90
18	23	94	94
18	23	95	95
18	23	96	96
18	23	97	97
18	23	98	98
18	23	99	99
18	23	100	100
18	23	101	101
18	23	102	102
18	23	103	103
18	23	104	104
18	23	105	105
18	23	106	106
18	23	107	107
18	23	108	108
18	23	109	109
18	23	110	110
18	23	111	111
18	23	112	112
18	23	113	113
18	23	114	114
18	23	115	115
18	23	116	116
18	23	117	117
18	23	118	118
18	23	119	119
18	23	120	120
18	23	121	121
18	23	122	122
18	23	123	123
18	23	124	124
18	23	125	125
18	23	126	126
18
17	3	0	0
17	0	1	1
17	0	2	2
17	0	3	3
17	0	4	4
17	0	5	5
17	0	6	6
17	0	7	7
17	0	8	8
17	0	9	9
17	0	10	10
17	0	11	11
17	0	12	12
17	0	13	13
17	0	14	14
17	0	15	15
17	0	16	16
17	0	17	17
17	0	18	18
17	0	19	19
17	0	20	20
17	0	21	21
17	0	22	22
17	0	23	23
17	0	24	24
17	0	25	25
17	0	26	26
17	0	27	27
17	0	28	28
17	0	29	29
17	0	30	30
17	0	31	31
17	0	32	32
17	17	33	33
17	0	34	34
17	17	35	35
17	17	36	36
17	17	37	37
17	17	38	38
17	17	39	39
17	0	40	40
17	0	41	41
17	17	42	42
17	17	43	43
17	0	44	44
17	17	45	45
17	10	46	46
17	17	47	47
17	17	48	48
17	17	49	49
17	17	50	50
17	17	51	51
17	17	52	52
17	17	53	53
17	17	54	54
17	17	55	55
17	17	56	56
17	17	57	57
17	0	58	58
17	0	59	59
17	0	60	60
17	17	61	61
17	0	62	62
17	17	63	63
17	11	64	64
17	17	65	65
17	17	66	66
17	17	67	67
17	17	68	68
17	17	69	69
17	17	70	70
17	17	71	71
17	17	72	72
17	17	73	73
17	17	74	74
17	17	75	75
17	17	76	76
17	17	77	77
17	17	78	78
17	17	79	79
17	17	80	80
17	17	81	81
17	17	82	82
17	17	83	83
17	17	84	84
17	17	85	85
17	17	86	86
17	17	87	87
17	17	88	88
17	17	89	89
17	17	90	90
17	0	91	91
17	0	92	92
17	0	93	93
17	17	94	94
17	17	95	95
17	17	96	96
17	17	97	97
17	17	98	98
17	17	99	99
17	17	100	100
17	17	101	101
17	17	102	102
17	17	103	103
17	17	104	104
17	17	105	105
17	17	106	106
17	17	107	107
17	17	108	108
17	17	109	109
17	17	110	110
17	17	111	111
17	17	112	112
17	17	113	113
17	17	114	114
17	17	115	115
17	17	116	116
17	17	117	117
17	17	118	118
17	17	119	119
17	17	120	120
17	17	121	121
17	17	122	122
17	17	123	123
17	17	124	124
17	17	125	125
17	17	126	126
16	3	0	0
16	0	1	1
16	0	2	2
16	0	3	3
16	0	4	4
16	0	5	5
16	0	6	6
16	0	7	7
16	0	8	8
16	0	9	9
16	0	10	10
16	0	11	11
16	0	12	12
16	0	13	13
16	0	14	14
16	0	15	15
16	0	16	16
16	0	17	17
16	0	18	18
16	0	19	19
16	0	20	20
16	0	21	21
16	0	22	22
16	0	23	23
16	0	24	24
16	0	25	25
16	0	26	26
16	0	27	27
16	0	28	28
16	0	29	29
16	0	30	30
16	0	31	31
16	0	32	32
16	19	33	33
16	15	34	34
16	19	35	35
16	19	36	36
16	19	37	37
16	19	38	38
16	19	39	39
16	0	40	40
16	0	41	41
16	19	42	42
16	19	43	43
16	20	44	44
16	19	45	45
16	21	46	46
16	19	47	47
16	19	48	48
16	19	49	49
16	19	50	50
16	19	51	51
16	19	52	52
16	19	53	53
16	19	54	54
16	19	55	55
16	19	56	56
16	19	57	57
16	22	58	58
16	0	59	59
16	0	60	60
16	19	61	61
16	0	62	62
16	19	63	63
16	0	64	64
16	19	65	65
16	19	66	66
16	19	67	67
16	19	68	68
16	19	69	69
16	19	70	70
16	19	71	71
16	19	72	72
16	19	73	73
16	19	74	74
16	19	75	75
16	19	76	76
16	19	77	77
16	19	78	78
16	19	79	79
16	19	80	80
16	19	81	81
16	19	82	82
16	19	83	83
16	19	84	84
16	19	85	85
16	19	86	86
16	19	87	87
16	19	88	88
16	19	89	89
16	19	90	90
16	0	91	91
16	0	92	92
16	0	93	93
16	19	94	94
16	19	95	95
16	19	96	96
16	19	97	97
16	19	98	98
16	19	99	99
16	19	100	100
16	19	101	101
16	19	102	102
16	19	103	103
16	19	104	104
16	19	105	105
16	19	106	106
16	19	107	107
16	19	108	108
16	19	109	109
16	19	110	110
16	19	111	111
16	19	112	112
16	19	113	113
16	19	114	114
16	19	115	115
16	19	116	116
16	19	117	117
16	19	118	118
16	19	119	119
16	19	120	120
16	19	121	121
16	19	122	122
16	19	123	123
16	19	124	124
16	19	125	125
16	19	126	126
15	3	0	0
15	0	1	1
15	0	2	2
15	0	3	3
15	0	4	4
15	0	5	5
15	0	6	6
15	0	7	7
15	0	8	8
15	12	9	9
15	12	10	10
15	0	11	11
15	0	12	12
15	12	13	13
15	0	14	14
15	0	15	15
15	0	16	16
15	0	17	17
15	0	18	18
15	0	19	19
15	0	20	20
15	0	21	21
15	0	22	22
15	0	23	23
15	0	24	24
15	0	25	25
15	0	26	26
15	0	27	27
15	0	28	28
15	0	29	29
15	0	30	30
15	0	31	31
15	12	32	32
15	12	33	33
15	13	34	34
15	12	35	35
15	12	36	36
15	12	37	37
15	12	38	38
15	12	39	39
15	0	40	40
15	0	41	41
15	12	42	42
15	12	43	43
15	0	44	44
15	12	45	45
15	12	46	46
15	12	47	47
15	12	48	48
15	12	49	49
15	12	50	50
15	12	51	51
15	12	52	52
15	12	53	53
15	12	54	54
15	12	55	55
15	12	56	56
15	12	57	57
15	0	58	58
15	0	59	59
15	12	60	60
15	12	61	61
15	12	62	62
15	12	63	63
15	12	64	64
15	12	65	65
15	12	66	66
15	12	67	67
15	12	68	68
15	12	69	69
15	12	70	70
15	12	71	71
15	12	72	72
15	12	73	73
15	12	74	74
15	12	75	75
15	12	76	76
15	12	77	77
15	12	78	78
15	12	79	79
15	12	80	80
15	12	81	81
15	12	82	82
15	12	83	83
15	12	84	84
15	12	85	85
15	12	86	86
15	12	87	87
15	12	88	88
15	12	89	89
15	12	90	90
15	0	91	91
15	14	92	92
15	0	93	93
15	12	94	94
15	12	95	95
15	12	96	96
15	12	97	97
15	12	98	98
15	12	99	99
15	12	100	100
15	12	101	101
15	12	102	102
15	12	103	103
15	12	104	104
15	12	105	105
15	12	106	106
15	12	107	107
15	12	108	108
15	12	109	109
15	12	110	110
15	12	111	111
15	12	112	112
15	12	113	113
15	12	114	114
15	12	115	115
15	12	116	116
15	12	117	117
15	12	118	118
15	12	119	119
15	12	120	120
15	12	121	121
15	12	122	122
15	12	123	123
15	12	124	124
15	12	125	125
15	12	126	126
14	3	0	0
14	0	1	1
14	0	2	2
14	0	3	3
14	0	4	4
14	0	5	5
14	0	6	6
14	0	7	7
14	0	8	8
14	0	9	9
14	0	10	10
14	0	11	11
14	0	12	12
14	0	13	13
14	0	14	14
14	0	15	15
14	0	16	16
14	0	17	17
14	0	18	18
14	0	19	19
14	0	20	20
14	0	21	21
14	0	22	22
14	0	23	23
14	0	24	24
14	0	25	25
14	0	26	26
14	0	27	27
14	0	28	28
14	0	29	29
14	0	30	30
14	0	31	31
14	0	32	32
14	0	33	33
14	0	34	34
14	0	35	35
14	0	36	36
14	0	37	37
14	0	38	38
14	0	39	39
14	0	40	40
14	0	41	41
14	0	42	42
14	0	43	43
14	0	44	44
14	0	45	45
14	0	46	46
14	0	47	47
14	0	48	48
14	0	49	49
14	0	50	50
14	0	51	51
14	0	52	52
14	0	53	53
14	0	54	54
14	0	55	55
14	0	56	56
14	0	57	57
14	0	58	58
14	0	59	59
14	0	60	60
14	0	61	61
14	0	62	62
14	0	63	63
14	0	64	64
14	0	65	65
14	0	66	66
14	0	67	67
14	0	68	68
14	0	69	69
14	0	70	70
14	0	71	71
14	0	72	72
14	0	73	73
14	0	74	74
14	0	75	75
14	0	76	76
14	0	77	77
14	0	78	78
14	0	79	79
14	0	80	80
14	0	81	81
14	0	82	82
14	0	83	83
14	0	84	84
14	0	85	85
14	0	86	86
14	0	87	87
14	0	88	88
14	0	89	89
14	0	90	90
14	0	91	91
14	12	92	92
14	0	93	93
14	0	94	94
14	0	95	95
14	0	96	96
14	0	97	97
14	0	98	98
14	0	99	99
14	0	100	100
14	0	101	101
14	0	102	102
14	0	103	103
14	0	104	104
14	0	105	105
14	0	106	106
14	0	107	107
14	0	108	108
14	0	109	109
14	0	110	110
14	0	111	111
14	0	112	112
14	0	113	113
14	0	114	114
14	0	115	115
14	0	116	116
14	0	117	117
14	0	118	118
14	0	119	119
14	0	120	120
14	0	121	121
14	0	122	122
14	0	123	123
14	0	124	124
14	0	125	125
14	0	126	126
13	3	0	0
13	0	1	1
13	0	2	2
13	0	3	3
13	0	4	4
13	0	5	5
13	0	6	6
13	0	7	7
13	0	8	8
13	0	9	9
13	0	10	10
13	0	11	11
13	0	12	12
13	0	13	13
13	0	14	14
13	0	15	15
13	0	16	16
13	0	17	17
13	0	18	18
13	0	19	19
13	0	20	20
13	0	21	21
13	0	22	22
13	0	23	23
13	0	24	24
13	0	25	25
13	0	26	26
13	0	27	27
13	0	28	28
13	0	29	29
13	0	30	30
13	0	31	31
13	0	32	32
13	0	33	33
13	0	34	34
13	0	35	35
13	0	36	36
13	0	37	37
13	0	38	38
13	0	39	39
13	0	40	40
13	0	41	41
13	0	42	42
13	0	43	43
13	0	44	44
13	0	45	45
13	0	46	46
13	0	47	47
13	0	48	48
13	0	49	49
13	0	50	50
13	0	51	51
13	0	52	52
13	0	53	53
13	0	54	54
13	0	55	55
13	0	56	56
13	0	57	57
13	0	58	58
13	0	59	59
13	0	60	60
13	0	61	61
13	0	62	62
13	0	63	63
13	11	64	64
13	0	65	65
13	0	66	66
13	0	67	67
13	0	68	68
13	0	69	69
13	0	70	70
13	0	71	71
13	0	72	72
13	0	73	73
13	0	74	74
13	0	75	75
13	0	76	76
13	0	77	77
13	0	78	78
13	0	79	79
13	0	80	80
13	0	81	81
13	0	82	82
13	0	83	83
13	0	84	84
13	0	85	85
13	0	86	86
13	0	87	87
13	0	88	88
13	0	89	89
13	0	90	90
13	0	91	91
13	0	92	92
13	0	93	93
13	0	94	94
13	0	95	95
13	0	96	96
13	0	97	97
13	0	98	98
13	0	99	99
13	0	100	100
13	0	101	101
13	0	102	102
13	0	103	103
13	0	104	104
13	0	105	105
13	0	106	106
13	0	107	107
13	0	108	108
13	0	109	109
13	0	110	110
13	0	111	111
13	0	112	112
13	0	113	113
13	0	114	114
13	0	115	115
13	0	116	116
13	0	117	117
13	0	118	118
13	0	119	119
13	0	120	120
13	0	121	121
13	0	122	122
13	0	123	123
13	0	124	124
13	0	125	125
13	0	126	126
12	3	0	0
12	0	1	1
12	0	2	2
12	0	3	3
12	0	4	4
12	0	5	5
12	0	6	6
12	0	7	7
12	0	8	8
12	12	9	9
12	12	10	10
12	0	11	11
12	0	12	12
12	12	13	13
12	0	14	14
12	0	15	15
12	0	16	16
12	0	17	17
12	0	18	18
12	0	19	19
12	0	20	20
12	0	21	21
12	0	22	22
12	0	23	23
12	0	24	24
12	0	25	25
12	0	26	26
12	0	27	27
12	0	28	28
12	0	29	29
12	0	30	30
12	0	31	31
12	12	32	32
12	12	33	33
12	13	34	34
12	12	35	35
12	12	36	36
12	12	37	37
12	12	38	38
12	12	39	39
12	0	40	40
12	0	41	41
12	12	42	42
12	12	43	43
12	0	44	44
12	12	45	45
12	12	46	46
12	12	47	47
12	12	48	48
12	12	49	49
12	12	50	50
12	12	51	51
12	12	52	52
12	12	53	53
12	12	54	54
12	12	55	55
12	12	56	56
12	12	57	57
12	0	58	58
12	0	59	59
12	12	60	60
12	12	61	61
12	12	62	62
12	12	63	63
12	12	64	64
12	12	65	65
12	12	66	66
12	12	67	67
12	12	68	68
12	12	69	69
12	12	70	70
12	12	71	71
12	12	72	72
12	12	73	73
12	12	74	74
12	12	75	75
12	12	76	76
12	12	77	77
12	12	78	78
12	12	79	79
12	12	80	80
12	12	81	81
12	12	82	82
12	12	83	83
12	12	84	84
12	12	85	85
12	12	86	86
12	12	87	87
12	12	88	88
12	12	89	89
12	12	90	90
12	0	91	91
12	14	92	92
12	0	93	93
12	12	94	94
12	12	95	95
12	12	96	96
12	12	97	97
12	12	98	98
12	12	99	99
12	12	100	100
12	12	101	101
12	12	102	102
12	12	103	103
12	12	104	104
12	12	105	105
12	12	106	106
12	12	107	107
12	12	108	108
12	12	109	109
12	12	110	110
12	12	111	111
12	12	112	112
12	12	113	113
12	12	114	114
12	12	115	115
12	12	116	116
12	12	117	117
12	12	118	118
12	12	119	119
12	12	120	120
12	12	121	121
12	12	122	122
12	12	123	123
12	12	124	124
12	12	125	125
12	12	126	126
11	3	0	0
11	0	1	1
11	0	2	2
11	0	3	3
11	0	4	4
11	0	5	5
11	0	6	6
11	0	7	7
11	0	8	8
11	0	9	9
11	0	10	10
11	0	11	11
11	0	12	12
11	0	13	13
11	0	14	14
11	0	15	15
11	0	16	16
11	0	17	17
11	0	18	18
11	0	19	19
11	0	20	20
11	0	21	21
11	0	22	22
11	0	23	23
11	0	24	24
11	0	25	25
11	0	26	26
11	0	27	27
11	0	28	28
11	0	29	29
11	0	30	30
11	0	31	31
11	0	32	32
11	0	33	33
11	0	34	34
11	0	35	35
11	0	36	36
11	0	37	37
11	0	38	38
11	0	39	39
11	0	40	40
11	0	41	41
11	0	42	42
11	0	43	43
11	0	44	44
11	0	45	45
11	0	46	46
11	0	47	47
11	0	48	48
11	0	49	49
11	0	50	50
11	0	51	51
11	0	52	52
11	0	53	53
11	0	54	54
11	0	55	55
11	0	56	56
11	0	57	57
11	0	58	58
11	0	59	59
11	0	60	60
11	0	61	61
11	0	62	62
11	0	63	63
11	0	64	64
11	18	65	65
11	18	66	66
11	18	67	67
11	18	68	68
11	18	69	69
11	18	70	70
11	18	71	71
11	18	72	72
11	18	73	73
11	18	74	74
11	18	75	75
11	18	76	76
11	18	77	77
11	18	78	78
11	18	79	79
11	18	80	80
11	18	81	81
11	18	82	82
11	18	83	83
11	18	84	84
11	18	85	85
11	18	86	86
11	18	87	87
11	18	88	88
11	18	89	89
11	18	90	90
11	0	91	91
11	0	92	92
11	0	93	93
11	0	94	94
11	0	95	95
11	0	96	96
11	18	97	97
11	18	98	98
11	18	99	99
11	18	100	100
11	18	101	101
11	18	102	102
11	18	103	103
11	18	104	104
11	18	105	105
11	18	106	106
11	18	107	107
11	18	108	108
11	18	109	109
11	18	110	110
11	18	111	111
11	18	112	112
11	18	113	113
11	18	114	114
11	18	115	115
11	18	116	116
11	18	117	117
11	18	118	118
11	18	119	119
11	18	120	120
11	18	121	121
11	18	122	122
11	0	123	123
11	0	124	124
11	0	125	125
11	0	126	126
10	3	0	0
10	0	1	1
10	0	2	2
10	0	3	3
10	0	4	4
10	0	5	5
10	0	6	6
10	0	7	7
10	0	8	8
10	0	9	9
10	0	10	10
10	0	11	11
10	0	12	12
10	0	13	13
10	0	14	14
10	0	15	15
10	0	16	16
10	0	17	17
10	0	18	18
10	0	19	19
10	0	20	20
10	0	21	21
10	0	22	22
10	0	23	23
10	0	24	24
10	0	25	25
10	0	26	26
10	0	27	27
10	0	28	28
10	0	29	29
10	0	30	30
10	0	31	31
10	0	32	32
10	17	33	33
10	0	34	34
10	17	35	35
10	17	36	36
10	17	37	37
10	17	38	38
10	17	39	39
10	0	40	40
10	0	41	41
10	17	42	42
10	17	43	43
10	0	44	44
10	17	45	45
10	0	46	46
10	17	47	47
10	17	48	48
10	17	49	49
10	17	50	50
10	17	51	51
10	17	52	52
10	17	53	53
10	17	54	54
10	17	55	55
10	17	56	56
10	17	57	57
10	0	58	58
10	0	59	59
10	0	60	60
10	17	61	61
10	0	62	62
10	17	63	63
10	0	64	64
10	17	65	65
10	17	66	66
10	17	67	67
10	17	68	68
10	17	69	69
10	17	70	70
10	17	71	71
10	17	72	72
10	17	73	73
10	17	74	74
10	17	75	75
10	17	76	76
10	17	77	77
10	17	78	78
10	17	79	79
10	17	80	80
10	17	81	81
10	17	82	82
10	17	83	83
10	17	84	84
10	17	85	85
10	17	86	86
10	17	87	87
10	17	88	88
10	17	89	89
10	17	90	90
10	0	91	91
10	0	92	92
10	0	93	93
10	17	94	94
10	17	95	95
10	17	96	96
10	17	97	97
10	17	98	98
10	17	99	99
10	17	100	100
10	17	101	101
10	17	102	102
10	17	103	103
10	17	104	104
10	17	105	105
10	17	106	106
10	17	107	107
10	17	108	108
10	17	109	109
10	17	110	110
10	17	111	111
10	17	112	112
10	17	113	113
10	17	114	114
10	17	115	115
10	17	116	116
10	17	117	117
10	17	118	118
10	17	119	119
10	17	120	120
10	17	121	121
10	17	122	122
10	17	123	123
10	17	124	124
10	17	125	125
10	17	126	126
9	3	0	0
9	0	1	1
9	0	2	2
9	0	3	3
9	0	4	4
9	0	5	5
9	0	6	6
9	0	7	7
9	0	8	8
9	0	9	9
9	0	10	10
9	0	11	11
9	0	12	12
9	0	13	13
9	0	14	14
9	0	15	15
9	0	16	16
9	0	17	17
9	0	18	18
9	0	19	19
9	0	20	20
9	0	21	21
9	0	22	22
9	0	23	23
9	0	24	24
9	0	25	25
9	0	26	26
9	0	27	27
9	0	28	28
9	0	29	29
9	0	30	30
9	0	31	31
9	0	32	32
9	9	33	33
9	0	34	34
9	9	35	35
9	9	36	36
9	9	37	37
9	9	38	38
9	9	39	39
9	0	40	40
9	0	41	41
9	9	42	42
9	9	43	43
9	0	44	44
9	9	45	45
9	10	46	46
9	9	47	47
9	9	48	48
9	9	49	49
9	9	50	50
9	9	51	51
9	9	52	52
9	9	53	53
9	9	54	54
9	9	55	55
9	9	56	56
9	9	57	57
9	0	58	58
9	0	59	59
9	0	60	60
9	9	61	61
9	0	62	62
9	9	63	63
9	11	64	64
9	9	65	65
9	9	66	66
9	9	67	67
9	9	68	68
9	9	69	69
9	9	70	70
9	9	71	71
9	9	72	72
9	9	73	73
9	9	74	74
9	9	75	75
9	9	76	76
9	9	77	77
9	9	78	78
9	9	79	79
9	9	80	80
9	9	81	81
9	9	82	82
9	9	83	83
9	9	84	84
9	9	85	85
9	9	86	86
9	9	87	87
9	9	88	88
9	9	89	89
9	9	90	90
9	0	91	91
9	0	92	92
9	0	93	93
9	9	94	94
9	9	95	95
9	9	96	96
9	9	97	97
9	9	98	98
9	9	99	99
9	9	100	100
9	9	101	101
9	9	102	102
9	9	103	103
9	9	104	104
9	9	105	105
9	9	106	106
9	9	107	107
9	9	108	108
9	9	109	109
9	9	110	110
9	9	111	111
9	9	112	112
9	9	113	113
9	9	114	114
9	9	115	115
9	9	116	116
9	9	117	117
9	9	118	118
9	9	119	119
9	9	120	120
9	9	121	121
9	9	122	122
9	9	123	123
9	9	124	124
9	9	125	125
9	9	126	126
8	3	0	0
8	16	65	65
8	16	66	66
8	16	67	67
8	16	68	68
8	16	69	69
8	16	70	70
8	16	71	71
8	16	72	72
8	16	73	73
8	16	74	74
8	16	75	75
8	16	76	76
8	16	77	77
8	16	78	78
8	16	79	79
8	16	80	80
8	16	81	81
8	16	82	82
8	16	83	83
8	16	84	84
8	16	85	85
8	16	86	86
8	16	87	87
8	16	88	88
8	16	89	89
8	16	90	90
8	16	97	97
8	16	98	98
8	16	99	99
8	16	100	100
8	16	101	101
8	16	102	102
8	16	103	103
8	16	104	104
8	16	105	105
8	16	106	106
8	16	107	107
8	16	108	108
8	16	109	109
8	16	110	110
8	16	111	111
8	16	112	112
8	16	113	113
8	16	114	114
8	16	115	115
8	16	116	116
8	16	117	117
8	16	118	118
8	16	119	119
8	16	120	120
8	16	121	121
8	16	122	122
7	3	0	0
7	9	33	33
7	15	34	34
7	9	35	35
7	9	36	36
7	9	37	37
7	9	38	38
7	9	39	39
7	9	42	42
7	9	43	43
7	9	45	45
7	9	47	47
7	9	48	48
7	9	49	49
7	9	50	50
7	9	51	51
7	9	52	52
7	9	53	53
7	9	54	54
7	9	55	55
7	9	56	56
7	9	57	57
7	9	61	61
7	9	63	63
7	9	65	65
7	9	66	66
7	9	67	67
7	9	68	68
7	9	69	69
7	9	70	70
7	9	71	71
7	9	72	72
7	9	73	73
7	9	74	74
7	9	75	75
7	9	76	76
7	9	77	77
7	9	78	78
7	9	79	79
7	9	80	80
7	9	81	81
7	9	82	82
7	9	83	83
7	9	84	84
7	9	85	85
7	9	86	86
7	9	87	87
7	9	88	88
7	9	89	89
7	9	90	90
7	9	94	94
7	9	95	95
7	9	96	96
7	9	97	97
7	9	98	98
7	9	99	99
7	9	100	100
7	9	101	101
7	9	102	102
7	9	103	103
7	9	104	104
7	9	105	105
7	9	106	106
7	9	107	107
7	9	108	108
7	9	109	109
7	9	110	110
7	9	111	111
7	9	112	112
7	9	113	113
7	9	114	114
7	9	115	115
7	9	116	116
7	9	117	117
7	9	118	118
7	9	119	119
7	9	120	120
7	9	121	121
7	9	122	122
7	9	123	123
7	9	124	124
7	9	125	125
7	9	126	126
6	3	0	0
6	12	9	9
6	12	10	10
6	12	13	13
6	12	32	32
6	12	33	33
6	13	34	34
6	12	35	35
6	12	36	36
6	12	37	37
6	12	38	38
6	12	39	39
6	12	42	42
6	12	43	43
6	12	45	45
6	12	46	46
6	12	47	47
6	12	48	48
6	12	49	49
6	12	50	50
6	12	51	51
6	12	52	52
6	12	53	53
6	12	54	54
6	12	55	55
6	12	56	56
6	12	57	57
6	12	60	60
6	12	61	61
6	12	62	62
6	12	63	63
6	12	64	64
6	12	65	65
6	12	66	66
6	12	67	67
6	12	68	68
6	12	69	69
6	12	70	70
6	12	71	71
6	12	72	72
6	12	73	73
6	12	74	74
6	12	75	75
6	12	76	76
6	12	77	77
6	12	78	78
6	12	79	79
6	12	80	80
6	12	81	81
6	12	82	82
6	12	83	83
6	12	84	84
6	12	85	85
6	12	86	86
6	12	87	87
6	12	88	88
6	12	89	89
6	12	90	90
6	14	92	92
6	12	94	94
6	12	95	95
6	12	96	96
6	12	97	97
6	12	98	98
6	12	99	99
6	12	100	100
6	12	101	101
6	12	102	102
6	12	103	103
6	12	104	104
6	12	105	105
6	12	106	106
6	12	107	107
6	12	108	108
6	12	109	109
6	12	110	110
6	12	111	111
6	12	112	112
6	12	113	113
6	12	114	114
6	12	115	115
6	12	116	116
6	12	117	117
6	12	118	118
6	12	119	119
6	12	120	120
6	12	121	121
6	12	122	122
6	12	123	123
6	12	124	124
6	12	125	125
6	12	126	126
5	3	0	0
5	9	33	33
5	9	35	35
5	9	36	36
5	9	37	37
5	9	38	38
5	9	39	39
5	9	42	42
5	9	43	43
5	9	45	45
5	10	46	46
5	9	47	47
5	9	48	48
5	9	49	49
5	9	50	50
5	9	51	51
5	9	52	52
5	9	53	53
5	9	54	54
5	9	55	55
5	9	56	56
5	9	57	57
5	9	61	61
5	9	63	63
5	11	64	64
5	9	65	65
5	9	66	66
5	9	67	67
5	9	68	68
5	9	69	69
5	9	70	70
5	9	71	71
5	9	72	72
5	9	73	73
5	9	74	74
5	9	75	75
5	9	76	76
5	9	77	77
5	9	78	78
5	9	79	79
5	9	80	80
5	9	81	81
5	9	82	82
5	9	83	83
5	9	84	84
5	9	85	85
5	9	86	86
5	9	87	87
5	9	88	88
5	9	89	89
5	9	90	90
5	9	94	94
5	9	95	95
5	9	96	96
5	9	97	97
5	9	98	98
5	9	99	99
5	9	100	100
5	9	101	101
5	9	102	102
5	9	103	103
5	9	104	104
5	9	105	105
5	9	106	106
5	9	107	107
5	9	108	108
5	9	109	109
5	9	110	110
5	9	111	111
5	9	112	112
5	9	113	113
5	9	114	114
5	9	115	115
5	9	116	116
5	9	117	117
5	9	118	118
5	9	119	119
5	9	120	120
5	9	121	121
5	9	122	122
5	9	123	123
5	9	124	124
5	9	125	125
5	9	126	126
4	3	0	0
2	3	0	0
2	4	1	1
2	4	2	2
2	4	3	3
2	4	4	4
2	4	5	5
2	4	6	6
2	4	7	7
2	4	8	8
2	4	9	9
2	4	10	10
2	4	11	11
2	4	12	12
2	4	13	13
2	4	14	14
2	4	15	15
2	4	16	16
2	4	17	17
2	4	18	18
2	4	19	19
2	4	20	20
2	4	21	21
2	4	22	22
2	4	23	23
2	4	24	24
2	4	25	25
2	4	26	26
2	4	27	27
2	4	28	28
2	4	29	29
2	4	30	30
2	4	31	31
2	4	32	32
2	5	33	33
2	6	34	34
2	5	35	35
2	5	36	36
2	5	37	37
2	5	38	38
2	5	39	39
2	4	40	40
2	4	41	41
2	5	42	42
2	5	43	43
2	4	44	44
2	5	45	45
2	4	46	46
2	5	47	47
2	5	48	48
2	5	49	49
2	5	50	50
2	5	51	51
2	5	52	52
2	5	53	53
2	5	54	54
2	5	55	55
2	5	56	56
2	5	57	57
2	7	58	58
2	4	59	59
2	4	60	60
2	5	61	61
2	4	62	62
2	5	63	63
2	8	64	64
2	5	65	65
2	5	66	66
2	5	67	67
2	5	68	68
2	5	69	69
2	5	70	70
2	5	71	71
2	5	72	72
2	5	73	73
2	5	74	74
2	5	75	75
2	5	76	76
2	5	77	77
2	5	78	78
2	5	79	79
2	5	80	80
2	5	81	81
2	5	82	82
2	5	83	83
2	5	84	84
2	5	85	85
2	5	86	86
2	5	87	87
2	5	88	88
2	5	89	89
2	5	90	90
2	4	91	91
2	4	92	92
2	4	93	93
2	5	94	94
2	5	95	95
2	5	96	96
2	5	97	97
2	5	98	98
2	5	99	99
2	5	100	100
2	5	101	101
2	5	102	102
2	5	103	103
2	5	104	104
2	5	105	105
2	5	106	106
2	5	107	107
2	5	108	108
2	5	109	109
2	5	110	110
2	5	111	111
2	5	112	112
2	5	113	113
2	5	114	114
2	5	115	115
2	5	116	116
2	5	117	117
2	5	118	118
2	5	119	119
2	5	120	120
2	5	121	121
2	5	122	122
2	5	123	123
2	5	124	124
2	5	125	125
2	5	126	126
1	3	0	0
1	4	1	1
1	4	2	2
1	4	3	3
1	4	4	4
1	4	5	5
1	4	6	6
1	4	7	7
1	4	8	8
1	4	9	9
1	4	10	10
1	4	11	11
1	4	12	12
1	4	13	13
1	4	14	14
1	4	15	15
1	4	16	16
1	4	17	17
1	4	18	18
1	4	19	19
1	4	20	20
1	4	21	21
1	4	22	22
1	4	23	23
1	4	24	24
1	4	25	25
1	4	26	26
1	4	27	27
1	4	28	28
1	4	29	29
1	4	30	30
1	4	31	31
1	4	32	32
1	5	33	33
1	6	34	34
1	5	35	35
1	5	36	36
1	5	37	37
1	5	38	38
1	5	39	39
1	4	40	40
1	4	41	41
1	5	42	42
1	5	43	43
1	4	44	44
1	5	45	45
1	4	46	46
1	5	47	47
1	5	48	48
1	5	49	49
1	5	50	50
1	5	51	51
1	5	52	52
1	5	53	53
1	5	54	54
1	5	55	55
1	5	56	56
1	5	57	57
1	7	58	58
1	4	59	59
1	4	60	60
1	5	61	61
1	4	62	62
1	5	63	63
1	8	64	64
1	5	65	65
1	5	66	66
1	5	67	67
1	5	68	68
1	5	69	69
1	5	70	70
1	5	71	71
1	5	72	72
1	5	73	73
1	5	74	74
1	5	75	75
1	5	76	76
1	5	77	77
1	5	78	78
1	5	79	79
1	5	80	80
1	5	81	81
1	5	82	82
1	5	83	83
1	5	84	84
1	5	85	85
1	5	86	86
1	5	87	87
1	5	88	88
1	5	89	89
1	5	90	90
1	4	91	91
1	4	92	92
1	4	93	93
1	5	94	94
1	5	95	95
1	5	96	96
1	5	97	97
1	5	98	98
1	5	99	99
1	5	100	100
1	5	101	101
1	5	102	102
1	5	103	103
1	5	104	104
1	5	105	105
1	5	106	106
1	5	107	107
1	5	108	108
1	5	109	109
1	5	110	110
1	5	111	111
1	5	112	112
1	5	113	113
1	5	114	114
1	5	115	115
1	5	116	116
1	5	117	117
1	5	118	118
1	5	119	119
1	5	120	120
1	5	121	121
1	5	122	122
1	5	123	123
1	5	124	124
1	5	125	125
1	5	126	126
